   t                 theta (Euler)              theta (Euler-Cromer)
  0.10             0.87266462600E-01             0.86393797974E-01
  0.20             0.86393797974E-01             0.84657195368E-01
  0.30             0.84648468722E-01             0.82074020809E-01
  0.40             0.82039201490E-01             0.78670106041E-01
  0.50             0.78583449571E-01             0.74479490213E-01
  0.60             0.74307305637E-01             0.69544079483E-01
  0.70             0.69245327208E-01             0.63913227958E-01
  0.80             0.63440275722E-01             0.57643244154E-01
  0.90             0.56942770964E-01             0.50796827908E-01
  1.00             0.49810863448E-01             0.43442443383E-01
  1.10             0.42109528224E-01             0.35653634424E-01
  1.20             0.33910084364E-01             0.27508289121E-01
  1.30             0.25289545223E-01             0.19087860926E-01
  1.40             0.16329905237E-01             0.10476554123E-01
  1.50             0.71173698000E-02             0.17604817779E-02
  1.60            -0.22584646898E-02            -0.69731953847E-02
  1.70            -0.11705472878E-01            -0.15637140593E-01
  1.80            -0.21129896419E-01            -0.24144714396E-01
  1.90            -0.30437265231E-01            -0.32410841055E-01
  2.00            -0.39533335079E-01            -0.40352859303E-01
  2.10            -0.48325032274E-01            -0.47891348959E-01
  2.20            -0.56721396119E-01            -0.54950925124E-01
  2.30            -0.64634509641E-01            -0.61460992039E-01
  2.40            -0.71980409202E-01            -0.67356449033E-01
  2.50            -0.78679963667E-01            -0.72578341537E-01
  2.60            -0.84659714039E-01            -0.77074450625E-01
  2.70            -0.89852664775E-01            -0.80799815207E-01
  2.80            -0.94199018371E-01            -0.83717181637E-01
  2.90            -0.97646845318E-01            -0.85797376251E-01
  3.00            -0.10015268208E+00            -0.87019597102E-01
  3.10            -0.10168205039E+00            -0.87371621982E-01
  3.20            -0.10220989188E+00            -0.86849930643E-01
  3.30            -0.10172091287E+00            -0.85459739996E-01
  3.40            -0.10020983494E+00            -0.83214951950E-01
  3.50            -0.97681547875E-01            -0.80138014385E-01
  3.60            -0.94151162464E-01            -0.76259696675E-01
  3.70            -0.89643961574E-01            -0.71618781999E-01
  3.80            -0.84195249060E-01            -0.66261679503E-01
  3.90            -0.77850096930E-01            -0.60241960212E-01
  4.00            -0.70662992310E-01            -0.53619821318E-01
  4.10            -0.62697386720E-01            -0.46461484212E-01
  4.20            -0.54025151207E-01            -0.38838532263E-01
  4.30            -0.44725941827E-01            -0.30827194992E-01
  4.40            -0.34886480934E-01            -0.22507585771E-01
  4.50            -0.24599760624E-01            -0.13962900692E-01
  4.60            -0.13964175504E-01            -0.52785866062E-02
  4.70            -0.30825927779E-02             0.34585133456E-02
  4.80             0.79386317032E-02             0.12161028164E-01
  4.90             0.18990682112E-01             0.20741932701E-01
  5.00             0.29963346204E-01             0.29115417911E-01
  5.10             0.40746103475E-01             0.37197748941E-01
  5.20             0.51229227283E-01             0.44908102482E-01
  5.30             0.61304890057E-01             0.52169374999E-01
  5.40             0.70868260559E-01             0.58908953765E-01
  5.50             0.79818582159E-01             0.65059442994E-01
  5.60             0.88060221154E-01             0.70559337793E-01
  5.70             0.95503674327E-01             0.75353639214E-01
  5.80             0.10206652529E+00             0.79394404243E-01
  5.90             0.10767433951E+00             0.82641225229E-01
  6.00             0.11226148847E+00             0.85061633963E-01
  6.10             0.11577189404E+00             0.86631426357E-01
  6.20             0.11815968473E+00             0.87334904488E-01
  6.30             0.11938975648E+00             0.87165033574E-01
  6.40             0.11943823137E+00             0.86123512324E-01
  6.50             0.11829280871E+00             0.84220755951E-01
  6.60             0.11595300373E+00             0.81475792019E-01
  6.70             0.11243027066E+00             0.77916070166E-01
  6.80             0.10774800755E+00             0.73577187612E-01
  6.90             0.10194144174E+00             0.68502533181E-01
  7.00             0.95057395856E-01             0.62742853419E-01
  7.10             0.87153935552E-01             0.56355745122E-01
  7.20             0.78299901289E-01             0.49405079375E-01
  7.30             0.68574327671E-01             0.41960362833E-01
  7.40             0.58065755040E-01             0.34096042663E-01
  7.50             0.46871439132E-01             0.25890762067E-01
  7.60             0.35096465673E-01             0.17426573850E-01
  7.70             0.22852777824E-01             0.87881198943E-02
  7.80             0.10258125317E-01             0.61784739705E-04
  7.90            -0.25650549674E-02            -0.86651682622E-02
  8.00            -0.15490816505E-01            -0.17305469582E-01
  8.10            -0.28390927493E-01            -0.25772716205E-01
  8.20            -0.41136130316E-01            -0.33982235667E-01
  8.30            -0.53597423865E-01            -0.41851932771E-01
  8.40            -0.65647356110E-01            -0.49303110548E-01
  8.50            -0.77161314116E-01            -0.56261257220E-01
  8.60            -0.88018798561E-01            -0.62656791319E-01
  8.70            -0.98104669865E-01            -0.68425757506E-01
  8.80            -0.10731035318E+00            -0.73510466117E-01
  8.90            -0.11553498980E+00            -0.77860070067E-01
  9.00            -0.12268652289E+00            -0.81431073316E-01
  9.10            -0.12868270608E+00            -0.84187765832E-01
  9.20            -0.13345202404E+00            -0.86102580690E-01
  9.30            -0.13693451494E+00            -0.87156369741E-01
  9.40            -0.13908248560E+00            -0.87338595095E-01
  9.50            -0.13986111111E+00            -0.86647434497E-01
  9.60            -0.13924891177E+00            -0.85089799555E-01
  9.70            -0.13723810131E+00            -0.82681266617E-01
  9.80            -0.13383480174E+00            -0.79445921013E-01
  9.90            -0.12905912115E+00            -0.75416116198E-01
 10.00            -0.12294509254E+00            -0.70632150222E-01
 10.10            -0.11554047273E+00            -0.65141862744E-01
 10.20            -0.10690640199E+00            -0.59000156638E-01
 10.30            -0.97116926516E-01            -0.52268448966E-01
 10.40            -0.86258387027E-01            -0.45014056804E-01
 10.50            -0.74428678273E-01            -0.37309524074E-01
 10.60            -0.61736385649E-01            -0.29231896103E-01
 10.70            -0.48299806241E-01            -0.20861949171E-01
 10.80            -0.34245862978E-01            -0.12283382748E-01
 10.90            -0.19708921652E-01            -0.35819824970E-02
 11.00            -0.48295216960E-02             0.51552375789E-02
 11.10             0.10246967476E-01             0.13840905279E-01
 11.20             0.25371751866E-01             0.22388163926E-01
 11.30             0.40394066580E-01             0.30711540934E-01
 11.40             0.55162663776E-01             0.38727802533E-01
 11.50             0.69527320306E-01             0.46356786106E-01
 11.60             0.83340350198E-01             0.53522201819E-01
 11.70             0.96458106888E-01             0.60152395513E-01
 11.80             0.10874246007E+00             0.66181065252E-01
 11.90             0.12006223219E+00             0.71547924338E-01
 12.00             0.13029457971E+00             0.76199304181E-01
 12.10             0.13932630491E+00             0.80088690983E-01
 12.20             0.14705508431E+00             0.83177190874E-01
 12.30             0.15339060065E+00             0.85433918857E-01
 12.40             0.15825556616E+00             0.86836307651E-01
 12.50             0.16158662566E+00             0.87370333369E-01
 12.60             0.16333512950E+00             0.87030655753E-01
 12.70             0.16346776708E+00             0.85820671579E-01
 12.80             0.16196705337E+00             0.83752480690E-01
 12.90             0.15883166198E+00             0.80846764993E-01
 13.00             0.15407660007E+00             0.77132581647E-01
 13.10             0.14773322153E+00             0.72647072484E-01
 13.20             0.13984907699E+00             0.67435092597E-01
 13.30             0.13048760024E+00             0.61548761783E-01
 13.40             0.11972763271E+00             0.55046943352E-01
 13.50             0.10766278919E+00             0.47994655487E-01
 13.60             0.94400669334E-01             0.40462421068E-01
 13.70             0.80061921589E-01             0.32525562437E-01
 13.80             0.64779167151E-01             0.24263448182E-01
 13.90             0.48695793497E-01             0.15758699446E-01
 14.00             0.31964628172E-01             0.70963637148E-02
 14.10             0.14746504911E-01            -0.16369356534E-02
 14.20            -0.27912646312E-02            -0.10353865665E-01
 14.30            -0.20476499223E-01            -0.18967257020E-01
 14.40            -0.38133821168E-01            -0.27390975805E-01
 14.50            -0.55586378120E-01            -0.35540784832E-01
 14.60            -0.72657596862E-01            -0.43335186010E-01
 14.70            -0.89172951822E-01            -0.50696235328E-01
 14.80            -0.10496173081E+00            -0.57550322293E-01
 14.90            -0.11985878029E+00            -0.63828906036E-01
 15.00            -0.13370621245E+00            -0.69469200717E-01
 15.10            -0.14635505681E+00            -0.74414803392E-01
 15.20            -0.15766683905E+00            -0.78616258033E-01
 15.30            -0.16751507072E+00            -0.82031550093E-01
 15.40            -0.17578663400E+00            -0.84626526652E-01
 15.50            -0.18238304657E+00            -0.86375237945E-01
 15.60            -0.18722159280E+00            -0.87260196859E-01
 15.70            -0.19023630857E+00            -0.87272553804E-01
 15.80            -0.19137880841E+00            -0.86412185210E-01
 15.90            -0.19061894516E+00            -0.84687694765E-01
 16.00            -0.18794529383E+00            -0.82116327372E-01
 16.10            -0.18336545304E+00            -0.78723796705E-01
 16.20            -0.17690615932E+00            -0.74544028072E-01
 16.30            -0.16861321107E+00            -0.69618819157E-01
 16.40            -0.15855120123E+00            -0.63997422051E-01
 16.50            -0.14680305927E+00            -0.57736050725E-01
 16.60            -0.13346940530E+00            -0.50897318891E-01
 16.70            -0.11866772074E+00            -0.43549613868E-01
 16.80            -0.10253134213E+00            -0.35766412707E-01
 16.90            -0.85208286305E-01            -0.27625547419E-01
 17.00            -0.66859917063E-01            -0.19208426656E-01
 17.10            -0.47659464957E-01            -0.10599221627E-01
 17.20            -0.27790413681E-01            -0.18840243813E-02
 17.30            -0.74447677549E-02             0.68500131079E-02
 17.40             0.13178782308E-01             0.15515550466E-01
 17.50             0.33876780048E-01             0.24025932320E-01
 17.60             0.54442989965E-01             0.32296054850E-01
 17.70             0.74670432082E-01             0.40243216832E-01
 17.80             0.94353444299E-01             0.47787946645E-01
 17.90             0.11328975219E+00             0.54854796992E-01
 18.00             0.13128252565E+00             0.61373099369E-01
 18.10             0.14814240158E+00             0.67277670753E-01
 18.20             0.16368945225E+00             0.72509465429E-01
 18.30             0.17775507891E+00             0.77016165450E-01
 18.40             0.19018381105E+00             0.80752703818E-01
 18.50             0.20083499240E+00             0.83681715146E-01
 18.60             0.20958433563E+00             0.85773909324E-01
 18.70             0.21632532895E+00             0.87008364408E-01
 18.80             0.22097047890E+00             0.87372735848E-01
 18.90             0.22345237557E+00             0.86863379930E-01
 19.00             0.22372456745E+00             0.85485390212E-01
 19.10             0.22176223557E+00             0.83252546593E-01
 19.20             0.21756265802E+00             0.80187177507E-01
 19.30             0.21114545811E+00             0.76319936646E-01
 19.40             0.20255263162E+00             0.71689496419E-01
 19.50             0.19184835055E+00             0.66342161228E-01
 19.60             0.17911854317E+00             0.60331404424E-01
 19.70             0.16447025228E+00             0.53717333576E-01
 19.80             0.14803077595E+00             0.46566089392E-01
 19.90             0.12994659711E+00             0.38949184315E-01
 20.00             0.11038211050E+00             0.30942787394E-01
 20.10             0.89518157928E-01             0.22626962599E-01
 20.20             0.67550384247E-01             0.14084868179E-01
 20.30             0.44687428986E-01             0.54019250761E-02
 20.40             0.21148969884E-01            -0.33350372771E-02
 20.50            -0.28363635089E-02            -0.12038649258E-01
 20.60            -0.27033186600E-01            -0.20621874745E-01
 20.70            -0.51201646057E-01            -0.28998881486E-01
 20.80            -0.75099773647E-01            -0.37085899411E-01
 20.90            -0.98485884777E-01            -0.44802058343E-01
 21.00            -0.12112099817E+00            -0.52070196691E-01
 21.10            -0.14277125272E+00            -0.58817633072E-01
 21.20            -0.16321029728E+00            -0.64976893122E-01
 21.30            -0.18222162932E+00            -0.70486384242E-01
 21.40            -0.19960085838E+00            -0.75291011518E-01
 21.50            -0.21515787115E+00            -0.79342728680E-01
 21.60            -0.22871887534E+00            -0.82601018555E-01
 21.70            -0.24012830081E+00            -0.85033298244E-01
 21.80            -0.24925053754E+00            -0.86615244951E-01
 21.90            -0.25597149125E+00            -0.87331039208E-01
 22.00            -0.26019993959E+00            -0.87173523073E-01
 22.10            -0.26186867301E+00            -0.86144271708E-01
 22.20            -0.26093540704E+00            -0.84253577625E-01
 22.30            -0.25738345434E+00            -0.81520347766E-01
 22.40            -0.25122214757E+00            -0.77971914430E-01
 22.50            -0.24248700626E+00            -0.73643761949E-01
 22.60            -0.23123964347E+00            -0.68579171849E-01
 22.70            -0.21756741062E+00            -0.62828790030E-01
 22.80            -0.20158278133E+00            -0.56450120311E-01
 22.90            -0.18342247794E+00            -0.49506949388E-01
 23.00            -0.16324634673E+00            -0.42068708972E-01
 23.10            -0.14123599075E+00            -0.34209781467E-01
 23.20            -0.11759317129E+00            -0.26008756146E-01
 23.30            -0.92537991932E-01            -0.17547643264E-01
 23.40            -0.66306880859E-01            -0.89110539496E-02
 23.50            -0.39150389866E-01            -0.18535409554E-03
 23.60            -0.11330830065E-01             0.85421992995E-02
 23.70             0.16880233635E-01             0.17184330702E-01
 23.80             0.45204605636E-01             0.25654618797E-01
 23.90             0.73360175300E-01             0.33868360704E-01
 24.00             0.10106369891E+00             0.41743419004E-01
 24.10             0.12803362076E+00             0.49201043114E-01
 24.20             0.15399290563E+00             0.56166656792E-01
 24.30             0.17867185429E+00             0.62570603903E-01
 24.40             0.20181087389E+00             0.68348844975E-01
 24.50             0.22316317495E+00             0.73443597597E-01
 24.60             0.24249736727E+00             0.77803914243E-01
 24.70             0.25959992784E+00             0.81386191747E-01
 24.80             0.27427751474E+00             0.84154607333E-01
 24.90             0.28635910236E+00             0.86081476846E-01
 25.00             0.29569791483E+00             0.87147531591E-01
 25.10             0.30217313628E+00             0.87342111019E-01
 25.20             0.30569137858E+00             0.86663269338E-01
 25.30             0.30618788952E+00             0.85117794963E-01
 25.40             0.30362748667E+00             0.82721142638E-01
 25.50             0.29800520492E+00             0.79497278887E-01
 25.60             0.28934664831E+00             0.75478442347E-01
 25.70             0.27770803966E+00             0.70704821384E-01
 25.80             0.26317596451E+00             0.65224152207E-01
 25.90             0.24586680897E+00             0.59091241507E-01
 26.00             0.22592589379E+00             0.52367418393E-01
 26.10             0.20352631052E+00             0.45119921095E-01
 26.20             0.17886746830E+00             0.37421224585E-01
 26.30             0.15217336299E+00             0.29348315830E-01
 26.40             0.12369058299E+00             0.20981923917E-01
 26.50             0.93686069358E-01             0.12405712764E-01
 26.60             0.62444649898E-01             0.37054444842E-02
 26.70             0.30266369745E-01            -0.50318782409E-02
 26.80            -0.25363569072E-02            -0.13718882183E-01
 26.90            -0.35641747257E-01            -0.22268697304E-01
 27.00            -0.68721774037E-01            -0.30595825452E-01
 27.10            -0.10144538335E+00            -0.38616995345E-01
 27.20            -0.13348177491E+00            -0.46251995285E-01
 27.30            -0.16450371265E+00            -0.53424475272E-01
 27.40            -0.19419083263E+00            -0.60062710506E-01
 27.50            -0.22223291549E+00            -0.66100318635E-01
 27.60            -0.24833309002E+00            -0.71476923578E-01
 27.70            -0.27221093540E+00            -0.76138759285E-01
 27.80            -0.29360544988E+00            -0.80039207399E-01
 27.90            -0.31227785500E+00            -0.83139263439E-01
 28.00            -0.32801420563E+00            -0.85407926845E-01
 28.10            -0.34062777770E+00            -0.86822510983E-01
 28.20            -0.34996120772E+00            -0.87368870010E-01
 28.30            -0.35588835996E+00            -0.87041540337E-01
 28.40            -0.35831590012E+00            -0.85843795261E-01
 28.50            -0.35718455669E+00            -0.83787612233E-01
 28.60            -0.35247005425E+00            -0.80893553082E-01
 28.70            -0.34418370625E+00            -0.77190558400E-01
 28.80            -0.33237265770E+00            -0.72715658134E-01
 28.90            -0.31711977209E+00            -0.67513601287E-01
 29.00            -0.29854315991E+00            -0.61636408427E-01
 29.10            -0.27679535000E+00            -0.55142851483E-01
 29.20            -0.25206210849E+00            -0.48097866024E-01
 29.30            -0.22456091349E+00            -0.40571901905E-01
 29.40            -0.19453909740E+00            -0.32640218766E-01
 29.50            -0.16227167217E+00            -0.24382133440E-01
 29.60            -0.12805885597E+00            -0.15880226780E-01
 29.70            -0.92223323051E-01            -0.72195178518E-02
 29.80            -0.55107201570E-01             0.15133862550E-02
 29.90            -0.17068846858E-01             0.10231156499E-01
 30.00             0.21520579869E-01             0.18846615178E-01
 30.10             0.60280695064E-01             0.27273607706E-01
 30.20             0.98825604461E-01             0.35427864156E-01
 30.30             0.13676770691E+00             0.43227841965E-01
 30.40             0.17372155331E+00             0.50595541354E-01
 30.50             0.20930772264E+00             0.57457285330E-01
 30.60             0.24315667644E+00             0.63744456452E-01
 30.70             0.27491255301E+00             0.69394183010E-01
 30.80             0.30423686282E+00             0.74349967737E-01
 30.90             0.33081204710E+00             0.78562252788E-01
 31.00             0.35434486275E+00             0.81988915310E-01
 31.10             0.37456955793E+00             0.84595688680E-01
 31.20             0.39125080448E+00             0.86356505162E-01
 31.30             0.40418635546E+00             0.87253756593E-01
 31.40             0.41320939838E+00             0.87278470458E-01
 31.50             0.41819057776E+00             0.86430399618E-01
 31.60             0.41903966315E+00             0.84718024783E-01
 31.70             0.41570684276E+00             0.82158469699E-01
 31.80             0.40818362574E+00             0.78777329918E-01
 31.90             0.39650334029E+00             0.74608416839E-01
 32.00             0.38074121859E+00             0.69693419591E-01
 32.10             0.36101406348E+00             0.64081488146E-01
 32.20             0.33747949618E+00             0.57828741821E-01
 32.30             0.31033478826E+00             0.50997708077E-01
 32.40             0.27981528537E+00             0.43656697253E-01
 32.50             0.24619243459E+00             0.35879119456E-01
 32.60             0.20977143097E+00             0.27742750464E-01
 32.70             0.17088850299E+00             0.19328953968E-01
 32.80             0.12990786071E+00             0.10721867932E-01
 32.90             0.87218333401E-01             0.20075632166E-02
 33.00             0.43229727482E-01            -0.67268171308E-02
 33.10            -0.16310617711E-02            -0.15393929307E-01
 33.20            -0.46924148299E-01            -0.23907102190E-01
 33.30            -0.92200924209E-01            -0.32181204051E-01
 33.40            -0.13700845864E+00            -0.40133493872E-01
 33.50            -0.18089398382E+00            -0.47684448754E-01
 33.60            -0.22340942442E+00            -0.54758559148E-01
 33.70            -0.26411592518E+00            -0.61285083951E-01
 33.80            -0.30258833170E+00            -0.67198757914E-01
 33.90            -0.33841957896E+00            -0.72440444298E-01
 34.00            -0.37122494291E+00            -0.76957726240E-01
 34.10            -0.40064611107E+00            -0.80705430918E-01
 34.20            -0.42635502980E+00            -0.83646081288E-01
 34.30            -0.44805748741E+00            -0.85750270845E-01
 34.40            -0.46549639473E+00            -0.86996957693E-01
 34.50            -0.47845472718E+00            -0.87373674965E-01
 34.60            -0.48675809568E+00            -0.86876655486E-01
 34.70            -0.49027691691E+00            -0.85510869453E-01
 34.80            -0.48892815718E+00            -0.83289974726E-01
 34.90            -0.48267662828E+00            -0.80236180251E-01
 35.00            -0.47153581781E+00            -0.76380023973E-01
 35.10            -0.45556824105E+00            -0.71760067456E-01
 35.20            -0.43488530612E+00            -0.66422510265E-01
 35.30            -0.40964668878E+00            -0.60420727970E-01
 35.40            -0.38005921838E+00            -0.53814738396E-01
 35.50            -0.34637528108E+00            -0.46670601438E-01
 35.60            -0.30889075161E+00            -0.39059758466E-01
 35.70            -0.26794246932E+00            -0.31058317909E-01
 35.80            -0.22390527952E+00            -0.22746294173E-01
 35.90            -0.17718866503E+00            -0.14206807495E-01
 36.00            -0.12823299774E+00            -0.55252527419E-02
 36.10            -0.77505443797E-01             0.32115545383E-02
 36.20            -0.25495559879E-01             0.11916246273E-01
 36.30             0.27289378477E-01             0.20501775545E-01
 36.40             0.80329272431E-01             0.28882287062E-01
 36.50             0.13309627260E+00             0.36973975708E-01
 36.60             0.18505998005E+00             0.44695924597E-01
 36.70             0.23569272477E+00             0.51970914240E-01
 36.80             0.28447486969E+00             0.58726194741E-01
 36.90             0.33090008736E+00             0.64894213294E-01
 37.00             0.37448055633E+00             0.70413289714E-01
 37.10             0.41475202443E+00             0.75228233237E-01
 37.20             0.45127868697E+00             0.79290894428E-01
 37.30             0.48365782926E+00             0.82560646674E-01
 37.40             0.51152418469E+00             0.85004792454E-01
 37.50             0.53455396182E+00             0.86598890309E-01
 37.60             0.55246849710E+00             0.87326999261E-01
 37.70             0.56503749277E+00             0.87181838221E-01
 37.80             0.57208180346E+00             0.86164858798E-01
 37.90             0.57347573923E+00             0.84286230787E-01
 38.00             0.56914885696E+00             0.81564740469E-01
 38.10             0.55908721730E+00             0.78027602745E-01
 38.20             0.54333408907E+00             0.73710188995E-01
 38.30             0.52199008867E+00             0.68655673354E-01
 38.40             0.49521274738E+00             0.62914600980E-01
 38.50             0.46321550520E+00             0.56544382596E-01
 38.60             0.42626613555E+00             0.49608720386E-01
 38.70             0.38468461084E+00             0.42176970972E-01
 38.80             0.33884042478E+00             0.34323451848E-01
 38.90             0.28914939261E+00             0.26126698206E-01
 39.00             0.23606995619E+00             0.17668677582E-01
 39.10             0.18009902585E+00             0.90339701824E-02
 39.20             0.12176739594E+00             0.30892308066E-03
 39.30             0.61634775780E-01            -0.84192132519E-02
 39.40             0.28448165658E-03            -0.17063157452E-01
 39.50            -0.61682160224E-01            -0.25536470077E-01
 39.60            -0.12365164692E+00            -0.33754418002E-01
 39.70            -0.18500431202E+00            -0.41634821747E-01
 39.80            -0.24512046064E+00            -0.49098877274E-01
 39.90            -0.30338656615E+00            -0.56071944029E-01
 40.00            -0.35920146705E+00            -0.62484291343E-01
 40.10            -0.41198250229E+00            -0.68271795744E-01
 40.20            -0.46117152285E+00            -0.73376582187E-01
 40.30            -0.50624071840E+00            -0.77747602809E-01
 40.40            -0.54669819871E+00            -0.81341147402E-01
 40.50            -0.58209327185E+00            -0.84121280521E-01
 40.60            -0.61202136299E+00            -0.86060200835E-01
 40.70            -0.63612852142E+00            -0.87138519141E-01
 40.80            -0.65411546621E+00            -0.87345452256E-01
 40.90            -0.66574112580E+00            -0.86678930848E-01
 41.00            -0.67082563072E+00            -0.85145620131E-01
 41.10            -0.66925272438E+00            -0.82760853213E-01
 41.20            -0.66097156173E+00            -0.79548477763E-01
 41.30            -0.64599787185E+00            -0.75540617535E-01
 41.40            -0.62441446634E+00            -0.70777351132E-01
 41.50            -0.59637108212E+00            -0.65306311218E-01
 41.60            -0.56208355323E+00            -0.59182208191E-01
 41.70            -0.52183231352E+00            -0.52466283083E-01
 41.80            -0.47596023828E+00            -0.45225695143E-01
 41.90            -0.42486983990E+00            -0.37532850253E-01
 42.00            -0.36901983914E+00            -0.29464676859E-01
 42.10            -0.30892113998E+00            -0.21101856698E-01
 42.20            -0.24513224243E+00            -0.12528017969E-01
 42.30            -0.17825413348E+00            -0.38288990603E-02
 42.40            -0.10892470211E+00             0.49085088388E-02
 42.50            -0.37812729401E-01             0.13596831650E-01
 42.60             0.34388490329E-01             0.22149186144E-01
 42.70             0.10696783735E+00             0.30480048777E-01
 42.80             0.17920329947E+00             0.38506110922E-01
 42.90             0.25036908322E+00             0.46147111957E-01
 43.00             0.31974283397E+00             0.53326641874E-01
 43.10             0.38661289389E+00             0.59972905371E-01
 43.20             0.45028552547E+00             0.66019439815E-01
 43.30             0.51009202811E+00             0.71405779861E-01
 43.40             0.56539567550E+00             0.76078062108E-01
 43.50             0.61559840261E+00             0.79989563734E-01
 43.60             0.66014717296E+00             0.83101169722E-01
 43.70             0.69853995928E+00             0.85381764014E-01
 43.80             0.73033127388E+00             0.86808540665E-01
 43.90             0.75513718888E+00             0.87367231909E-01
 44.00             0.77263979114E+00             0.87052250835E-01
 44.10             0.78259102152E+00             0.85866747252E-01
 44.20             0.78481585398E+00             0.83822576197E-01
 44.30             0.77921477623E+00             0.80940179379E-01
 44.40             0.76576553994E+00             0.77248380768E-01
 44.50             0.74452415588E+00             0.72784098350E-01
 44.60             0.71562511643E+00             0.67591974947E-01
 44.70             0.67928083542E+00             0.61723931796E-01
 44.80             0.63578030324E+00             0.55238649326E-01
 44.90             0.58548696271E+00             0.48200980363E-01
 45.00             0.52883581915E+00             0.40681301596E-01
 45.10             0.46632980596E+00             0.32754809814E-01
 45.20             0.39853543457E+00             0.24500769933E-01
 45.30             0.32607776513E+00             0.16001722353E-01
 45.40             0.24963474135E+00             0.73426575494E-02
 45.50             0.16993093991E+00            -0.13898338297E-02
 45.60             0.87730791055E-01            -0.10108426870E-01
 45.70             0.38313328046E-02            -0.18725935643E-01
 45.80            -0.80945433357E-01            -0.27156185058E-01
 45.90            -0.16576051285E+00            -0.35314872623E-01
 46.00            -0.24976613800E+00            -0.43120411462E-01
 46.10            -0.33211415803E+00            -0.50494746186E-01
 46.20            -0.41196451668E+00            -0.57364133449E-01
 46.30            -0.48849373374E+00            -0.63659879376E-01
 46.40            -0.56090330564E+00            -0.69319026510E-01
 46.50            -0.62842794021E+00            -0.74284983379E-01
 46.60            -0.69034354171E+00            -0.78508090415E-01
 46.70            -0.74597486382E+00            -0.81946116546E-01
 46.80            -0.79470275050E+00            -0.84564681511E-01
 46.90            -0.83597088855E+00            -0.86337599662E-01
 47.00            -0.86929199910E+00            -0.87247141816E-01
 47.10            -0.89425340076E+00            -0.87284212551E-01
 47.20            -0.91052188242E+00            -0.86448441161E-01
 47.30            -0.91784783008E+00            -0.84748185360E-01
 47.40            -0.91606855892E+00            -0.82200447705E-01
 47.50            -0.90511080945E+00            -0.78830705573E-01
 47.60            -0.88499237440E+00            -0.74672656385E-01
 47.70            -0.85582283125E+00            -0.69767880633E-01
 47.80            -0.81780336436E+00            -0.64165426075E-01
 47.90            -0.77122566915E+00            -0.57921317257E-01
 48.00            -0.71646994030E+00            -0.51097995265E-01
 48.10            -0.65400195476E+00            -0.43763693321E-01
 48.20            -0.58436926982E+00            -0.35991754444E-01
 48.30            -0.50819656533E+00            -0.27859898023E-01
 48.40            -0.42618016814E+00            -0.19449442621E-01
 48.50            -0.33908180530E+00            -0.10844492793E-01
 48.60            -0.24772164077E+00            -0.21310980367E-02
 48.70            -0.15297065820E+00             0.66036076997E-02
 48.80            -0.55742459210E-01             0.15272277359E-01
 48.90             0.43015446356E-01             0.23788224245E-01
 49.00             0.14233077651E+00             0.32066288888E-01
 49.10             0.24121595221E+00             0.40023690643E-01
 49.20             0.33867782014E+00             0.47580855491E-01
 49.30             0.43372752855E+00             0.54662211784E-01
 49.40             0.52539045875E+00             0.61196945959E-01
 49.50             0.61271611368E+00             0.67119710675E-01
 49.60             0.69478786401E+00             0.72371278284E-01
 49.70             0.77073245321E+00             0.76899133110E-01
 49.80             0.83972916376E+00             0.80657996605E-01
 49.90             0.90101854979E+00             0.83610280134E-01
 50.00             0.95391064417E+00             0.85726460861E-01
 50.10             0.99779255306E+00             0.86985376980E-01
 50.20             0.10321353555E+01             0.87374439329E-01
 50.30             0.10565002324E+01             0.86889757285E-01
 50.40             0.10705437558E+01             0.85536177668E-01
 50.50             0.10740222768E+01             0.83327236275E-01
 50.60             0.10667953603E+01             0.80285022518E-01
 50.70             0.10488282210E+01             0.76439958537E-01
 50.80             0.10201931281E+01             0.71830494970E-01
 50.90             0.98106975302E+00             0.66502726453E-01
 51.00             0.93174444664E+00             0.60509930672E-01
 51.10             0.87260844273E+00             0.53912035584E-01
 51.20             0.80415499435E+00             0.46775020141E-01
 51.30             0.72697546154E+00             0.39170254495E-01
 51.40             0.64175437879E+00             0.31173786305E-01
 51.50             0.54926354142E+00             0.22865580252E-01
 51.60             0.45035516027E+00             0.14328718397E-01
 51.70             0.34595414370E+00             0.56485693569E-02
 51.80             0.23704957553E+00            -0.30880653763E-02
 51.90             0.12468546592E+00            -0.11793819456E-01
 52.00             0.99508605587E-02            -0.20381635341E-01
 52.10            -0.10603059946E+00            -0.28765634872E-01
 52.20            -0.22211156809E+00            -0.36861978055E-01
 52.30            -0.33713223072E+00            -0.44589701457E-01
 52.40            -0.44993177768E+00            -0.51871527845E-01
 52.50            -0.55936000232E+00            -0.58634638954E-01
 52.60            -0.66428890919E+00            -0.64811403673E-01
 52.70            -0.76362421604E+00            -0.70340054356E-01
 52.80            -0.85631663379E+00            -0.75165304496E-01
 52.90            -0.94137280938E+00            -0.79238901590E-01
 53.00            -0.10178658186E+01            -0.82520109669E-01
 53.10            -0.10849450998E+01            -0.84976116650E-01
 53.20            -0.11418457228E+01            -0.86582362466E-01
 53.30            -0.11878968948E+01            -0.87322784656E-01
 53.40            -0.12225296095E+01            -0.87189979000E-01
 53.50            -0.12452833553E+01            -0.86185273554E-01
 53.60            -0.12558118050E+01            -0.84318715373E-01
 53.70            -0.12538874212E+01            -0.81608970038E-01
 53.80            -0.12394049193E+01            -0.78083135002E-01
 53.90            -0.12123835432E+01            -0.73776468617E-01
 54.00            -0.11729681179E+01            -0.68732037545E-01
 54.10            -0.11214288571E+01            -0.63000286098E-01
 54.20            -0.10581599152E+01            -0.56638531789E-01
 54.30            -0.98367668473E+00            -0.49710392163E-01
 54.40            -0.89861185510E+00            -0.42285148616E-01
 54.50            -0.80371025861E+00            -0.34437053582E-01
 54.60            -0.69982254358E+00            -0.26244588012E-01
 54.70            -0.58789772596E+00            -0.17789676562E-01
 54.80            -0.46897468291E+00            -0.91568683468E-02
 54.90            -0.34417266259E+00            -0.43249144792E-03
 55.00            -0.21468089545E+00             0.82962103655E-02
 55.10            -0.81747401683E-01             0.16941950075E-01
 55.20             0.53332901041E-01             0.25418270284E-01
 55.30             0.18923067778E+00             0.33640407790E-01
 55.40             0.32459512551E+00             0.41526141219E-01
 55.50             0.45806726646E+00             0.48996613235E-01
 55.60             0.58829345616E+00             0.55977119118E-01
 55.70             0.71393897319E+00             0.62397853811E-01
 55.80             0.83370155566E+00             0.68194609965E-01
 55.90             0.94632474840E+00             0.73309420020E-01
 56.00             0.10506109256E+01             0.77691135875E-01
 56.10             0.11454338553E+01             0.81295940370E-01
 56.20             0.12297506757E+01             0.84087785462E-01
 56.30             0.13026131576E+01             0.86038752700E-01
 56.40             0.13631781327E+01             0.87129332410E-01
 56.50             0.14107169763E+01             0.87348618797E-01
 56.60             0.14446240385E+01             0.86694418995E-01
 56.70             0.14644239310E+01             0.85173275004E-01
 56.80             0.14697775831E+01             0.82800398262E-01
 56.90             0.14604869958E+01             0.79599517538E-01
 57.00             0.14364986328E+01             0.75602641638E-01
 57.10             0.13979053998E+01             0.70849739322E-01
 57.20             0.13449471804E+01             0.65388339613E-01
 57.30             0.12780099071E+01             0.59273056508E-01
 57.40             0.11976231619E+01             0.52565042838E-01
 57.50             0.11044563177E+01             0.45331378739E-01
 57.60             0.99931324187E+00             0.37644400853E-01
 57.70             0.88312560286E+00             0.29580978958E-01
 57.80             0.75694483142E+00             0.21221747274E-01
 57.90             0.62193280396E+00             0.12650298117E-01
 58.00             0.47935132818E+00             0.39523459785E-02
 58.10             0.33055052436E+00            -0.47851296195E-02
 58.20             0.17695620726E+00            -0.13474753921E-01
 58.30             0.20056384922E-01            -0.22029630684E-01
 58.40            -0.13861299949E+00            -0.30364211139E-01
 58.50            -0.29748294776E+00            -0.38395149484E-01
 58.60            -0.45496676603E+00            -0.46042136333E-01
 58.70            -0.60947575482E+00            -0.53228701819E-01
 58.80            -0.75943507595E+00            -0.59882980287E-01
 58.90            -0.90329963953E+00            -0.65938428952E-01
 59.00            -0.10395698524E+01            -0.71334493328E-01
 59.10            -0.11668070688E+01            -0.76017212770E-01
 59.20            -0.12836485867E+01            -0.79939760085E-01
 59.30            -0.13888220339E+01            -0.83062909799E-01
 59.40            -0.14811589953E+01            -0.85355430414E-01
 59.50            -0.15596077363E+01            -0.86794396726E-01
 59.60            -0.16232448873E+01            -0.87365419070E-01
 59.70            -0.16712859610E+01            -0.87062787224E-01
 59.80            -0.17030945858E+01            -0.85889527505E-01
 59.90            -0.17181903511E+01            -0.83857372512E-01
 60.00            -0.17162551704E+01            -0.80986643793E-01
 60.10            -0.16971380863E+01            -0.77306048636E-01
 60.20            -0.16608584504E+01            -0.72852392993E-01
 60.30            -0.16076074337E+01            -0.67670213420E-01
 60.40            -0.15377478324E+01            -0.61811331713E-01
 60.50            -0.14518121569E+01            -0.55334336688E-01
 60.60            -0.13504990030E+01            -0.48303998297E-01
 60.70            -0.12346677275E+01            -0.40790619923E-01
 60.80            -0.11053314620E+01            -0.32869335350E-01
 60.90            -0.96364851928E+00            -0.24619357423E-01
 61.00            -0.81091226190E+00            -0.16123185922E-01
 61.10            -0.64853951932E+00            -0.74657825613E-02
 61.20            -0.47805765413E+00             0.12662786247E-02
 61.30            -0.30109039374E+00             0.99856770244E-02
 61.40            -0.11934255681E+00             0.18605218654E-01
 61.50             0.65416184054E-01             0.27038708097E-01
 61.60             0.25136835049E+00             0.35201810459E-01
 61.70             0.43666635508E+00             0.43012894716E-01
 61.80             0.61945067617E+00             0.50393850026E-01
 61.90             0.79786833371E+00             0.57270866836E-01
 62.00             0.97009148449E+00             0.63575174978E-01
 62.10             0.11343359519E+01             0.69243731370E-01
 62.20             0.12888795045E+01             0.74219850448E-01
 62.30             0.14320796976E+01             0.78453771021E-01
 62.40             0.15623910956E+01             0.81903153885E-01
 62.50             0.16783816967E+01             0.84533505209E-01
 62.60             0.17787483868E+01             0.86318521482E-01
 62.70             0.18623312599E+01             0.87240352540E-01
 62.80             0.19281266492E+01             0.87289780072E-01
 62.90             0.19752987258E+01             0.86466309803E-01
 63.00             0.20031895360E+01             0.84778176437E-01
 63.10             0.20113273589E+01             0.82242261306E-01
 63.20             0.19994332865E+01             0.78883923562E-01
 63.30             0.19674259404E+01             0.74736746583E-01
 63.40             0.19154242615E+01             0.69842202137E-01
 63.50             0.18437483232E+01             0.64249235670E-01
 63.60             0.17529181423E+01             0.58013776847E-01
 63.70             0.16436504782E+01             0.51198180255E-01
 63.80             0.15168536326E+01             0.43870601861E-01
 63.90             0.13736202822E+01             0.36104317448E-01
 64.00             0.12152183956E+01             0.27976989860E-01
 64.10             0.10430803060E+01             0.19569892374E-01
 64.20             0.85879003259E+00             0.10967095964E-01
 64.30             0.66406895606E+00             0.22546285945E-02
 64.40             0.46075997922E+00            -0.64803850610E-02
 64.50             0.25081031281E+00            -0.15150594866E-01
 64.60             0.36253046609E-01            -0.23669298722E-01
 64.70            -0.18081232272E+00            -0.31951309591E-01
 64.80            -0.39824022251E+00            -0.39913807364E-01
 64.90            -0.61385999908E+00            -0.47477167064E-01
 65.00            -0.82549737342E+00            -0.54565755092E-01
 65.10            -0.10309961478E+01            -0.61108685570E-01
 65.20            -0.12282399484E+01            -0.67040529192E-01
 65.30            -0.14151737875E+01            -0.72301967523E-01
 65.40            -0.15898252272E+01            -0.76840386178E-01
 65.50            -0.17503249290E+01            -0.80610400971E-01
 65.60            -0.18949263785E+01            -0.83574311754E-01
 65.70            -0.20220245787E+01            -0.85702479420E-01
 65.80            -0.21301735151E+01            -0.86973622292E-01
 65.90            -0.22181022058E+01            -0.87375028941E-01
 66.00            -0.22847291613E+01            -0.86902685301E-01
 66.10            -0.23291750947E+01            -0.85561314807E-01
 66.20            -0.23507737365E+01            -0.83364331165E-01
 66.30            -0.23490806274E+01            -0.80333704212E-01
 66.40            -0.23238797809E+01            -0.76499740217E-01
 66.50            -0.22751881282E+01            -0.71900778819E-01
 66.60            -0.22032576776E+01            -0.66582809633E-01
 66.70            -0.21085753457E+01            -0.60599012351E-01
 66.80            -0.19918604371E+01            -0.54009224946E-01
 66.90            -0.18540597750E+01            -0.46879345291E-01
 67.00            -0.16963405086E+01            -0.39280672183E-01
 67.10            -0.15200806444E+01            -0.31289192353E-01
 67.20            -0.13268573751E+01            -0.22984820600E-01
 67.30            -0.11184332993E+01            -0.14450600640E-01
 67.40            -0.89674064985E+00            -0.57718746745E-02
 67.50            -0.66386366737E+00             0.29645700379E-02
 67.60            -0.42201927839E+00             0.11671369050E-01
 67.70            -0.17353625274E+00             0.20261454372E-01
 67.80             0.79166965701E-01             0.28648925149E-01
 67.90             0.33360554666E+00             0.36749906676E-01
 68.00             0.58725245797E+00             0.44483389135E-01
 68.10             0.83756331381E+00             0.51772037704E-01
 68.20             0.10820016451E+01             0.58542965895E-01
 68.30             0.13180643432E+01             0.64728464427E-01
 68.40             0.15433070249E+01             0.70266678315E-01
 68.50             0.17553690631E+01             0.75102225420E-01
 68.60             0.19519980311E+01             0.79186750271E-01
 68.70             0.21310733085E+01             0.82479407619E-01
 68.80             0.22906286055E+01             0.84947270890E-01
 68.90             0.24288731695E+01             0.86565661453E-01
 69.00             0.25442114474E+01             0.87318395402E-01
 69.10             0.26352609936E+01             0.87197945396E-01
 69.20             0.27008684253E+01             0.86205515936E-01
 69.30             0.27401232471E+01             0.84351031317E-01
 69.40             0.27523693847E+01             0.81653036385E-01
 69.50             0.27372142898E+01             0.78138511089E-01
 69.60             0.26945355010E+01             0.73842600682E-01
 69.70             0.26244845693E+01             0.68808264268E-01
 69.80             0.25274882827E+01             0.63085845212E-01
 69.90             0.24042471503E+01             0.56732567703E-01
 70.00             0.22557311351E+01             0.49811964518E-01
 70.10             0.20831726484E+01             0.42393241687E-01
 70.20             0.18880568504E+01             0.34550586439E-01
 70.30             0.16721093258E+01             0.26362425327E-01
 70.40             0.14372812328E+01             0.17910639962E-01
 70.50             0.11857320465E+01             0.92797481971E-02
 70.60             0.91981004787E+00             0.55605895018E-03
 70.70             0.64203072878E+00            -0.81731908862E-02
 70.80             0.35505330922E+00            -0.16820708814E-01
 70.90             0.61655582364E-01            -0.25300019653E-01
 71.00            -0.23529267758E+00            -0.33526330296E-01
 71.10            -0.53285749335E+00            -0.41417377636E-01
 71.20            -0.82806938234E+00            -0.48894251199E-01
 71.30            -0.11179526964E+01            -0.55882182251E-01
 71.40            -0.13995553166E+01            -0.62311291480E-01
 71.50            -0.16699784099E+01            -0.68117287794E-01
 71.60            -0.19264059500E+01            -0.73242111231E-01
 71.70            -0.21661337060E+01            -0.77634513555E-01
 71.80            -0.23865974025E+01            -0.81250570743E-01
 71.90            -0.25853997620E+01            -0.84054122224E-01
 72.00            -0.27603361474E+01            -0.86017132483E-01
 72.10            -0.29094185352E+01            -0.87119971417E-01
 72.20            -0.30308975615E+01            -0.87351610636E-01
 72.30            -0.31232824025E+01            -0.86709733750E-01
 72.40            -0.31853582679E+01            -0.85200759526E-01
 72.50            -0.32162013092E+01            -0.82839777706E-01
 72.60            -0.32151907679E+01            -0.79650398110E-01
 72.70            -0.31820182134E+01            -0.75664514533E-01
 72.80            -0.31166937513E+01            -0.70921985810E-01
 72.90            -0.30195491071E+01            -0.65470237229E-01
 73.00            -0.28912375253E+01            -0.59363786276E-01
 73.10            -0.27327304525E+01            -0.52663697460E-01
 73.20            -0.25453110044E+01            -0.45436971669E-01
 73.30            -0.23305642518E+01            -0.37755876162E-01
 73.40            -0.20903643891E+01            -0.29697221893E-01
 73.50            -0.18268588839E+01            -0.21341595405E-01
 73.60            -0.15424497349E+01            -0.12772552963E-01
 73.70            -0.12397719970E+01            -0.40757849917E-02
 73.80            -0.92166976173E+00             0.46617408297E-02
 73.90            -0.59116980651E+00             0.13352649243E-01
 74.00            -0.25145315367E+00             0.21910031163E-01
 74.10             0.94175197231E-01             0.30248312773E-01
 74.20             0.44231807967E+00             0.38284111254E-01
 74.30             0.78951921014E+00             0.45937068623E-01
 74.40             0.11322971598E+01             0.53130655305E-01
 74.50             0.14671799174E+01             0.59792935435E-01
 74.60             0.17907397033E+01             0.65857286210E-01
 74.70             0.20996276901E+01             0.71263064123E-01
 74.80             0.23906082799E+01             0.75956211395E-01
 74.90             0.26605925928E+01             0.79889796553E-01
 75.00             0.29066708228E+01             0.83024483745E-01
 75.10             0.31261431270E+01             0.85328926100E-01
 75.20             0.33165487229E+01             0.86780079194E-01
 75.30             0.34756928875E+01             0.87363431496E-01
 75.40             0.36016715649E+01             0.87073149483E-01
 75.50             0.36928933135E+01             0.85912135975E-01
 75.60             0.37480983463E+01             0.83892001107E-01
 75.70             0.37663744461E+01             0.81032946229E-01
 75.80             0.37471695624E+01             0.77363561888E-01
 75.90             0.36903009342E+01             0.72920541928E-01
 76.00             0.35959606104E+01             0.67748316549E-01
 76.10             0.34647172773E+01             0.61898608004E-01
 76.20             0.32975143380E+01             0.55429913380E-01
 76.30             0.30956642260E+01             0.48406919621E-01
 76.40             0.28608389706E+01             0.40899856667E-01
 76.50             0.25950570730E+01             0.32983795145E-01
 76.60             0.23006667856E+01             0.24737895673E-01
 76.70             0.19803259275E+01             0.16244617243E-01
 76.80             0.16369784015E+01             0.75888926413E-02
 76.90             0.12738276163E+01            -0.11427208870E-02
 77.00             0.89430704708E+00            -0.98629072065E-02
 77.10             0.50204820168E+00            -0.18484464454E-01
 77.20             0.10084628581E+00            -0.26921177057E-01
 77.30            -0.30537611208E+00            -0.35088677889E-01
 77.40            -0.71260697283E+00            -0.42905291942E-01
 77.50            -0.11167840725E+01            -0.50292853076E-01
 77.60            -0.15138351024E+01            -0.57177485680E-01
 77.70            -0.18997182915E+01            -0.63490343426E-01
 77.80            -0.22704631297E+01            -0.69168297738E-01
 77.90            -0.26222107849E+01            -0.74154569073E-01
 78.00            -0.29512538089E+01            -0.78399294717E-01
 78.10            -0.32540747249E+01            -0.81860027414E-01
 78.20            -0.35273831029E+01            -0.84502159837E-01
 78.30            -0.37681507337E+01            -0.86299270661E-01
 78.40            -0.39736445334E+01            -0.87233388779E-01
 78.50            -0.41414568258E+01            -0.87295173009E-01
 78.60            -0.42695326729E+01            -0.86484005509E-01
 78.70            -0.43561939517E+01            -0.84807997953E-01
 78.80            -0.44001599037E+01            -0.82283910419E-01
 78.90            -0.44005639163E+01            -0.78936983780E-01
 79.00            -0.43569663298E+01            -0.74800687303E-01
 79.10            -0.42693631041E+01            -0.69916383953E-01
 79.20            -0.41381902152E+01            -0.64332916764E-01
 79.30            -0.39643236952E+01            -0.58106120407E-01
 79.40            -0.37490752730E+01            -0.51298262846E-01
 79.50            -0.34941836139E+01            -0.43977422657E-01
 79.60            -0.32018012021E+01            -0.36216808241E-01
 79.70            -0.28744769542E+01            -0.28094025742E-01
 79.80            -0.25151346942E+01            -0.19690302986E-01
 79.90            -0.21270476646E+01            -0.11089677201E-01
 80.00            -0.17138092882E+01            -0.23781546429E-02
 80.10            -0.12793004351E+01             0.63571494613E-02
 80.20            -0.82765348906E+00             0.15028882071E-01
 80.30            -0.36321353871E+00             0.23550325860E-01
 80.40             0.10950294653E+00             0.31836266390E-01
 80.50             0.58585156715E+00             0.39803844256E-01
 80.60             0.10611051583E+01             0.47373383680E-01
 80.70             0.15305002338E+01             0.54469189267E-01
 80.80             0.19892842577E+01             0.61020302961E-01
 80.90             0.24327632793E+01             0.66961213626E-01
 81.00             0.28563494583E+01             0.72232512154E-01
 81.10             0.32556080045E+01             0.76781485561E-01
 81.20             0.36263030561E+01             0.80562644112E-01
 81.30             0.39644420276E+01             0.83538176223E-01
 81.40             0.42663179687E+01             0.85678326570E-01
 81.50             0.45285494894E+01             0.86961693653E-01
 81.60             0.47481178304E+01             0.87375443798E-01
 81.70             0.49224006766E+01             0.86915439506E-01
 81.80             0.50492023444E+01             0.85586280819E-01
 81.90             0.51267800055E+01             0.83401259323E-01
 82.00             0.51538656432E+01             0.80382225234E-01
 82.10             0.51296834807E+01             0.76559368893E-01
 82.20             0.50539626619E+01             0.71970918863E-01
 82.30             0.49269450082E+01             0.66662759645E-01
 82.40             0.47493877280E+01             0.60687972829E-01
 82.50             0.45225609976E+01             0.54106306286E-01
 82.60             0.42482403900E+01             0.46983576680E-01
 82.70             0.39286941724E+01             0.39391011307E-01
 82.80             0.35666655508E+01             0.31404535820E-01
 82.90             0.31653499876E+01             0.23104014976E-01
 83.00             0.27283677689E+01             0.14572453982E-01
 83.10             0.22597320502E+01             0.58951684481E-02
 83.20             0.17638126539E+01            -0.28410687703E-02
 83.30             0.12452959371E+01            -0.11548895301E-01
 83.40             0.70914109377E+00            -0.20141232879E-01
 83.50             0.16053329104E+00            -0.28532158128E-01
 83.60            -0.39516592261E+00            -0.36637761795E-01
 83.70            -0.95247046918E+00            -0.44376987845E-01
 83.80            -0.15058233565E+01            -0.51672444016E-01
 83.90            -0.20496515392E+01            -0.58451175747E-01
 84.00            -0.25784214883E+01            -0.64645395721E-01
 84.10            -0.30866949220E+01            -0.70193161737E-01
 84.20            -0.35691841408E+01            -0.75038996136E-01
 84.30            -0.40208064104E+01            -0.79134440574E-01
 84.40            -0.44367368386E+01            -0.82438540606E-01
 84.50            -0.48124592026E+01            -0.84918255232E-01
 84.60            -0.51438141983E+01            -0.86548787305E-01
 84.70            -0.54270446020E+01            -0.87313831506E-01
 84.80            -0.56588368637E+01            -0.87205737391E-01
 84.90            -0.58363586794E+01            -0.86225585903E-01
 85.00            -0.59572921264E+01            -0.84383178555E-01
 85.10            -0.60198619866E+01            -0.81696939422E-01
 85.20            -0.60228589256E+01            -0.78193730895E-01
 85.30            -0.59656572447E+01            -0.73908585059E-01
 85.40            -0.58482269745E+01            -0.68884353372E-01
 85.50            -0.56711401319E+01            -0.63171278151E-01
 85.60            -0.54355710196E+01            -0.56826490149E-01
 85.70            -0.51432905059E+01            -0.49913437246E-01
 85.80            -0.47966542821E+01            -0.42501249970E-01
 85.90            -0.43985851532E+01            -0.34664050194E-01
 86.00            -0.39525494814E+01            -0.26480209916E-01
 86.10            -0.34625279582E+01            -0.18031567540E-01
 86.20            -0.29329809401E+01            -0.94026094874E-02
 86.30            -0.23688086424E+01            -0.67962534029E-03
 86.40            -0.17753065353E+01             0.80501550602E-02
 86.50            -0.11581163419E+01             0.16699433910E-01
 86.60            -0.52317308301E+00             0.25181718421E-01
 86.70             0.12335133926E+00             0.33412185747E-01
 86.80             0.77510749235E+00             0.41308531216E-01
 86.90             0.14256301320E+01             0.48791791373E-01
 87.00             0.20684016968E+01             0.55787133617E-01
 87.10             0.26969169603E+01             0.62224604524E-01
 87.20             0.33047482068E+01             0.68039829385E-01
 87.30             0.38856102837E+01             0.73174655953E-01
 87.40             0.44334248785E+01             0.77577735962E-01
 87.50             0.49423833705E+01             0.81205038610E-01
 87.60             0.54070076136E+01             0.84020290873E-01
 87.70             0.58222080231E+01             0.85995340227E-01
 87.80             0.61833383565E+01             0.87110436179E-01
 87.90             0.64862466096E+01             0.87354427769E-01
 88.00             0.67273214792E+01             0.86724875081E-01
 88.10             0.69035338826E+01             0.85228073642E-01
 88.20             0.70124730713E+01             0.82878991467E-01
 88.30             0.70523769212E+01             0.79701119378E-01
 88.40             0.70221560403E+01             0.75726236094E-01
 88.50             0.69214113902E+01             0.70994090450E-01
 88.60             0.67504451797E+01             0.65552003901E-01
 88.70             0.65102648553E+01             0.59454397313E-01
 88.80             0.62025800792E+01             0.52762246752E-01
 88.90             0.58297926544E+01             0.45542473723E-01
 89.00             0.53949794289E+01             0.37867275957E-01
 89.10             0.49018682768E+01             0.29813405432E-01
 89.20             0.43548073305E+01             0.21461400852E-01
 89.30             0.37587277013E+01             0.12894782264E-01
 89.40             0.31190999989E+01             0.41992158532E-02
 89.50             0.24418850195E+01            -0.45383427162E-02
 89.60             0.17334790400E+01            -0.13230517858E-01
 89.70             0.10006542104E+01            -0.21790387822E-01
 89.80             0.25049459036E+00            -0.30132353907E-01
 89.90            -0.50967157178E+00            -0.38172996454E-01
 90.00            -0.12723426798E+01            -0.45831909036E-01
 90.10            -0.20299170721E+01            -0.53032502527E-01
 90.20            -0.27747680377E+01            -0.59702770993E-01
 90.30            -0.34993198325E+01            -0.65776011749E-01
 90.40            -0.41961239469E+01            -0.71191492388E-01
 90.50            -0.48579348630E+01            -0.75895058103E-01
 90.60            -0.54777845396E+01            -0.79839673237E-01
 90.70            -0.60490548676E+01            -0.82985891638E-01
 90.80            -0.65655473502E+01            -0.85302251124E-01
 90.90            -0.70215492841E+01            -0.86765588097E-01
 91.00            -0.74118957446E+01            -0.87361269190E-01
 91.10            -0.77320267122E+01            -0.87083337591E-01
 91.20            -0.79780387223E+01            -0.85934572616E-01
 91.30            -0.81467304653E+01            -0.83926461915E-01
 91.40            -0.82356418211E+01            -0.81079086595E-01
 91.50            -0.82430858722E+01            -0.77420920409E-01
 91.60            -0.81681735052E+01            -0.72988545018E-01
 91.70            -0.80108302794E+01            -0.67826284178E-01
 91.80            -0.77718053185E+01            -0.61985760496E-01
 91.90            -0.74526720549E+01            -0.55525379209E-01
 92.00            -0.70558207381E+01            -0.48509744129E-01
 92.10            -0.65844427007E+01            -0.41009011609E-01
 92.20            -0.60425064560E+01            -0.33098188972E-01
 92.30            -0.54347257842E+01            -0.24856384446E-01
 92.40            -0.47665200479E+01            -0.16366016075E-01
 92.50            -0.40439670537E+01            -0.77119875431E-02
 92.60            -0.32737488591E+01             0.10191608639E-02
 92.70            -0.24630909939E+01             0.97401176623E-02
 92.80            -0.16196956401E+01             0.18363673284E-01
 92.90            -0.75166937642E+00             0.26803592173E-01
 93.00             0.13255384369E+00             0.34975475140E-01
 93.10             0.10242937576E+01             0.42797603356E-01
 93.20             0.19147081330E+01             0.50191755538E-01
 93.30             0.27948795709E+01             0.57083990165E-01
 93.40             0.36559039274E+01             0.63405384890E-01
 93.50             0.44889794882E+01             0.69092725767E-01
 93.60             0.52854960098E+01             0.74089139385E-01
 93.70             0.60371227364E+01             0.78344661610E-01
 93.80             0.67358945030E+01             0.81816737219E-01
 93.90             0.73742950422E+01             0.84470645455E-01
 94.00             0.79453366364E+01             0.86279847237E-01
 94.10             0.84426352801E+01             0.87226250547E-01
 94.20             0.88604805575E+01             0.87300391351E-01
 94.30             0.91938994821E+01             0.86501528241E-01
 94.40             0.94387136011E+01             0.84837649850E-01
 94.50             0.95915887253E+01             0.82325394959E-01
 94.60             0.96500767135E+01             0.78989886119E-01
 94.70             0.96126488144E+01             0.74864478418E-01
 94.80             0.94787201482E+01             0.69990425933E-01
 94.90             0.92486649938E+01             0.64416469188E-01
 95.00             0.89238226380E+01             0.58198347752E-01
 95.10             0.85064936322E+01             0.51398242838E-01
 95.20             0.79999264001E+01             0.44084155495E-01
 95.30             0.74082942316E+01             0.36329226598E-01
 95.40             0.67366627991E+01             0.28211005435E-01
 95.50             0.59909484243E+01             0.19810674217E-01
 95.60             0.51778674216E+01             0.11212236257E-01
 95.70             0.43048769345E+01             0.25016759349E-02
 95.80             0.33801077733E+01            -0.62339011469E-02
 95.90             0.24122898427E+01            -0.14907139217E-01
 96.00             0.14106708344E+01            -0.23431305895E-01
 96.10             0.38492892764E+00            -0.31721159514E-01
 96.20            -0.65491968745E+00            -0.39693801539E-01
 96.30            -0.16986175918E+01            -0.47269505547E-01
 96.40            -0.27357662993E+01            -0.54372514500E-01
 96.50            -0.37559288309E+01            -0.60931798309E-01
 96.60            -0.47487336995E+01            -0.66881764134E-01
 96.70            -0.57039792797E+01            -0.72162912317E-01
 96.80            -0.66117375230E+01            -0.76722431378E-01
 96.90            -0.74624559735E+01            -0.80514726125E-01
 97.00            -0.82470570488E+01            -0.83501873610E-01
 97.10            -0.89570335643E+01            -0.85654002360E-01
 97.20            -0.95845395093E+01            -0.86949591086E-01
 97.30            -0.10122475119E+02            -0.87375683901E-01
 97.40            -0.10564565333E+02            -0.86928019877E-01
 97.50            -0.10905430796E+02            -0.85611075654E-01
 97.60            -0.11140650606E+02            -0.83438020674E-01
 97.70            -0.11266816108E+02            -0.80430585488E-01
 97.80            -0.11281575103E+02            -0.76618844447E-01
 97.90            -0.11183665938E+02            -0.72040914962E-01
 98.00            -0.10972941022E+02            -0.66742576327E-01
 98.10            -0.10650379446E+02            -0.60776811929E-01
 98.20            -0.10218088460E+02            -0.54203279411E-01
 98.30            -0.96792936797E+01            -0.47087714099E-01
 98.40            -0.90383180146E+01            -0.39501271647E-01
 98.50            -0.83005494128E+01            -0.31519816477E-01
 98.60            -0.74723976309E+01            -0.23223163144E-01
 98.70            -0.65612403548E+01            -0.14694278178E-01
 98.80            -0.55753591024E+01            -0.60184504310E-02
 98.90            -0.45238654465E+01             0.27175618205E-02
 99.00            -0.34166181995E+01             0.11426398454E-01
 99.10            -0.22641322981E+01             0.20020971102E-01
 99.20            -0.10774802146E+01             0.28415334040E-01
 99.30             0.13181319178E+00             0.36525543637E-01
 99.40             0.13518814003E+01             0.44270497798E-01
 99.50             0.25706314770E+01             0.51572746981E-01
 99.60             0.37758627396E+01             0.58359268694E-01
 99.70             0.49553876875E+01             0.64562197721E-01
 99.80             0.60971540079E+01             0.70119504770E-01
 99.90             0.71893664515E+01             0.74975616771E-01
100.00             0.82206073550E+01             0.79081972604E-01
