  0.10  -0.87266462600E-02   0.87266462600E-01             0.36573128963E+00
  0.20  -0.17453292520E-01   0.86393797974E-01             0.35856822624E+00
  0.30  -0.26092672317E-01   0.84648468722E-01             0.34442115737E+00
  0.40  -0.34557519189E-01   0.82039201490E-01             0.32379238757E+00
  0.50  -0.42761439338E-01   0.78583449571E-01             0.29745498775E+00
  0.60  -0.50619784296E-01   0.74307305637E-01             0.26642724501E+00
  0.70  -0.58050514859E-01   0.69245327208E-01             0.23193676577E+00
  0.80  -0.64975047580E-01   0.63440275722E-01             0.19537546379E+00
  0.90  -0.71319075152E-01   0.56942770964E-01             0.15824705474E+00
  1.00  -0.77013352249E-01   0.49810863448E-01             0.12210901229E+00
  1.10  -0.81994438593E-01   0.42109528224E-01             0.88511201854E-01
  1.20  -0.86205391416E-01   0.33910084364E-01             0.58933586067E-01
  1.30  -0.89596399852E-01   0.25289545223E-01             0.34725481339E-01
  1.40  -0.92125354375E-01   0.16329905237E-01             0.17048832419E-01
  1.50  -0.93758344898E-01   0.71173698000E-02             0.68278604959E-02
  1.60  -0.94470081878E-01  -0.22584646898E-02             0.47072320105E-02
  1.70  -0.94244235409E-01  -0.11705472878E-01             0.11020596890E-01
  1.80  -0.93073688122E-01  -0.21129896419E-01             0.25770966248E-01
  1.90  -0.90960698480E-01  -0.30437265231E-01             0.48623954383E-01
  2.00  -0.87916971957E-01  -0.39533335079E-01             0.78914414628E-01
  2.10  -0.83963638449E-01  -0.48325032274E-01             0.11566647219E+00
  2.20  -0.79131135221E-01  -0.56721396119E-01             0.15762641995E+00
  2.30  -0.73458995609E-01  -0.64634509641E-01             0.20330741657E+00
  2.40  -0.66995544645E-01  -0.71980409202E-01             0.25104443192E+00
  2.50  -0.59797503725E-01  -0.78679963667E-01             0.29905744222E+00
  2.60  -0.51929507358E-01  -0.84659714039E-01             0.34552050691E+00
  2.70  -0.43463535954E-01  -0.89852664775E-01             0.38863407513E+00
  2.80  -0.34478269477E-01  -0.94199018371E-01             0.42669768761E+00
  2.90  -0.25058367640E-01  -0.97646845318E-01             0.45818016625E+00
  3.00  -0.15293683108E-01  -0.10015268208E+00             0.48178442652E+00
  3.10  -0.52784148998E-02  -0.10168205039E+00             0.49650420548E+00
  3.20   0.48897901395E-02  -0.10220989188E+00             0.50167026820E+00
  3.30   0.15110779328E-01  -0.10172091287E+00             0.49698402822E+00
  3.40   0.25282870615E-01  -0.10020983494E+00             0.48253698086E+00
  3.50   0.35303854108E-01  -0.97681547875E-01             0.45881488492E+00
  3.60   0.45072008896E-01  -0.94151162464E-01             0.42668621870E+00
  3.70   0.54487125142E-01  -0.89643961574E-01             0.38737505684E+00
  3.80   0.63451521300E-01  -0.84195249060E-01             0.34241914286E+00
  3.90   0.71871046206E-01  -0.77850096930E-01             0.29361454081E+00
  4.00   0.79656055899E-01  -0.70662992310E-01             0.24294881593E+00
  4.10   0.86722355130E-01  -0.62697386720E-01             0.19252519316E+00
  4.20   0.92992093802E-01  -0.54025151207E-01             0.14448055331E+00
  4.30   0.98394608922E-01  -0.44725941827E-01             0.10090043160E+00
  4.40   0.10286720311E+00  -0.34886480934E-01             0.63734366564E-01
  4.50   0.10635585120E+00  -0.24599760624E-01             0.34715001199E-01
  4.60   0.10881582726E+00  -0.13964175504E-01             0.15284255576E-01
  4.70   0.11021224481E+00  -0.30825927779E-02             0.65296736560E-02
  4.80   0.11052050409E+00   0.79386317032E-02             0.91337012688E-02
  4.90   0.10972664092E+00   0.18990682112E-01             0.23338189124E-01
  5.00   0.10782757271E+00   0.29963346204E-01             0.48925850316E-01
  5.10   0.10483123809E+00   0.40746103475E-01             0.85219756660E-01
  5.20   0.10075662774E+00   0.51229227283E-01             0.13110125664E+00
  5.30   0.95633705011E-01   0.61304890057E-01             0.18504596672E+00
  5.40   0.89503216006E-01   0.70868260559E-01             0.24517675607E+00
  5.50   0.82416389950E-01   0.79818582159E-01             0.30933194157E+00
  5.60   0.74434531734E-01   0.88060221154E-01             0.37514626419E+00
  5.70   0.65628509618E-01   0.95503674327E-01             0.44014165656E+00
  5.80   0.56078142186E-01   0.10206652529E+00             0.50182435859E+00
  5.90   0.45871489657E-01   0.10767433951E+00             0.55778461469E+00
  6.00   0.35104055706E-01   0.11226148847E+00             0.60579500633E+00
  6.10   0.23877906859E-01   0.11577189404E+00             0.64390344947E+00
  6.20   0.12300717454E-01   0.11815968473E+00             0.67051702063E+00
  6.30   0.48474898120E-03   0.11938975648E+00             0.68447306543E+00
  6.40  -0.11454226666E-01   0.11943823137E+00             0.68509448293E+00
  6.50  -0.23398049804E-01   0.11829280871E+00             0.67222665054E+00
  6.60  -0.35227330674E-01   0.11595300373E+00             0.64625413991E+00
  6.70  -0.46822631047E-01   0.11243027066E+00             0.60809614721E+00
  6.80  -0.58065658113E-01   0.10774800755E+00             0.55918039332E+00
  6.90  -0.68840458868E-01   0.10194144174E+00             0.50139610768E+00
  7.00  -0.79034603043E-01   0.95057395856E-01             0.43702756074E+00
  7.10  -0.88540342628E-01   0.87153935552E-01             0.36867041945E+00
  7.20  -0.97255736183E-01   0.78299901289E-01             0.29913393461E+00
  7.30  -0.10508572631E+00   0.68574327671E-01             0.23133259765E+00
  7.40  -0.11194315908E+00   0.58065755040E-01             0.16817139967E+00
  7.50  -0.11774973458E+00   0.46871439132E-01             0.11242916533E+00
  7.60  -0.12243687850E+00   0.35096465673E-01             0.66644601178E-01
  7.70  -0.12594652506E+00   0.22852777824E-01             0.33009682381E-01
  7.80  -0.12823180285E+00   0.10258125317E-01             0.13274800694E-01
  7.90  -0.12925761538E+00  -0.25650549674E-02             0.86697134921E-02
  8.00  -0.12900110988E+00  -0.15490816505E-01             0.19843781491E-01
  8.10  -0.12745202823E+00  -0.28390927493E-01             0.46828279314E-01
  8.20  -0.12461293548E+00  -0.41136130316E-01             0.89022733905E-01
  8.30  -0.12049932245E+00  -0.53597423865E-01             0.14520632159E+00
  8.40  -0.11513958006E+00  -0.65647356110E-01             0.21357437044E+00
  8.50  -0.10857484445E+00  -0.77161314116E-01             0.29179900880E+00
  8.60  -0.10085871304E+00  -0.88018798561E-01             0.37711201338E+00
  8.70  -0.92056833185E-01  -0.98104669865E-01             0.46640698076E+00
  8.80  -0.82246366198E-01  -0.10731035318E+00             0.55635711383E+00
  8.90  -0.71515330880E-01  -0.11553498980E+00             0.64354421366E+00
  9.00  -0.59961831899E-01  -0.12268652289E+00             0.72459392946E+00
  9.10  -0.47693179610E-01  -0.12868270608E+00             0.79631196900E+00
  9.20  -0.34824909002E-01  -0.13345202404E+00             0.85581582661E+00
  9.30  -0.21479706598E-01  -0.13693451494E+00             0.90065665649E+00
  9.40  -0.77862551036E-02  -0.13908248560E+00             0.92892620610E+00
  9.50   0.61219934566E-02  -0.13986111111E+00             0.93934422129E+00
  9.60   0.20108104568E-01  -0.13924891177E+00             0.93132242568E+00
  9.70   0.34032995745E-01  -0.13723810131E+00             0.90500203799E+00
  9.80   0.47756805876E-01  -0.13383480174E+00             0.86126279081E+00
  9.90   0.61140286049E-01  -0.12905912115E+00             0.80170251650E+00
 10.00   0.74046198164E-01  -0.12294509254E+00             0.72858752711E+00
 10.10   0.86340707418E-01  -0.11554047273E+00             0.64477519112E+00
 10.20   0.97894754691E-01  -0.10690640199E+00             0.55361125277E+00
 10.30   0.10858539489E+00  -0.97116926516E-01             0.45880550390E+00
 10.40   0.11829708754E+00  -0.86258387027E-01             0.36429035861E+00
 10.50   0.12692292624E+00  -0.74428678273E-01             0.27406765834E+00
 10.60   0.13436579407E+00  -0.61736385649E-01             0.19204961396E+00
 10.70   0.14053943264E+00  -0.48299806241E-01             0.12190014507E+00
 10.80   0.14536941326E+00  -0.34245862978E-01             0.66882987031E-01
 10.90   0.14879399956E+00  -0.19708921652E-01             0.29722792433E-01
 11.00   0.15076489172E+00  -0.48295216960E-02             0.12485058205E-01
 11.10   0.15124784389E+00   0.10246967476E-01             0.16480071586E-01
 11.20   0.15022314715E+00   0.25371751866E-01             0.42195209536E-01
 11.30   0.14768597196E+00   0.40394066580E-01             0.89258876283E-01
 11.40   0.14364656530E+00   0.55162663776E-01             0.15643816104E+00
 11.50   0.13813029892E+00   0.69527320306E-01             0.24167098761E+00
 11.60   0.13117756689E+00   0.83340350198E-01             0.34213215992E+00
 11.70   0.12284353187E+00   0.96458106888E-01             0.45433133644E+00
 11.80   0.11319772118E+00   0.10874246007E+00             0.57423964640E+00
 11.90   0.10232347518E+00   0.12006223219E+00             0.69744044634E+00
 12.00   0.90317251957E-01   0.13029457971E+00             0.81929865665E+00
 12.10   0.77287793986E-01   0.13932630491E+00             0.93514226140E+00
 12.20   0.63355163495E-01   0.14705508431E+00             0.10404489377E+01
 12.30   0.48649655065E-01   0.15339060065E+00             0.11310304337E+01
 12.40   0.33310594999E-01   0.15825556616E+00             0.12032072570E+01
 12.50   0.17485038383E-01   0.16158662566E+00             0.12539664725E+01
 12.60   0.13263758171E-02   0.16333512950E+00             0.12810959443E+01
 12.70  -0.15007137133E-01   0.16346776708E+00             0.12832891633E+01
 12.80  -0.31353913841E-01   0.16196705337E+00             0.12602158666E+01
 12.90  -0.47550619178E-01   0.15883166198E+00             0.12125549294E+01
 13.00  -0.63433785376E-01   0.15407660007E+00             0.11419874516E+01
 13.10  -0.78841445383E-01   0.14773322153E+00             0.10511495165E+01
 13.20  -0.93614767536E-01   0.13984907699E+00             0.94354570571E+00
 13.30  -0.10759967523E+00   0.13048760024E+00             0.82342604847E+00
 13.40  -0.12064843526E+00   0.11972763271E+00             0.69563060627E+00
 13.50  -0.13262119853E+00   0.10766278919E+00             0.56540727310E+00
 13.60  -0.14338747745E+00   0.94400669334E-01             0.43820955987E+00
 13.70  -0.15282754438E+00   0.80061921589E-01             0.31948206924E+00
 13.80  -0.16083373654E+00   0.64779167151E-01             0.21444201606E+00
 13.90  -0.16731165326E+00   0.48695793497E-01             0.12786547487E+00
 14.00  -0.17218123261E+00   0.31964628172E-01             0.63887020979E-01
 14.10  -0.17537769542E+00   0.14746504911E-01             0.25821068754E-01
 14.20  -0.17685234591E+00  -0.27912646312E-02             0.16012507546E-01
 14.30  -0.17657321945E+00  -0.20476499223E-01             0.35723213634E-01
 14.40  -0.17452556953E+00  -0.38133821168E-01             0.85059710184E-01
 14.50  -0.17071218741E+00  -0.55586378120E-01             0.16294570314E+00
 14.60  -0.16515354960E+00  -0.72657596862E-01             0.26714149632E+00
 14.70  -0.15788778991E+00  -0.89172951822E-01             0.39431044956E+00
 14.80  -0.14897049473E+00  -0.10496173081E+00             0.54013076034E+00
 14.90  -0.13847432165E+00  -0.11985878029E+00             0.69944899758E+00
 15.00  -0.12648844362E+00  -0.13370621245E+00             0.86647007011E+00
 15.10  -0.11311782238E+00  -0.14635505681E+00             0.10349767444E+01
 15.20  -0.98482316695E-01  -0.15766683905E+00             0.11985705025E+01
 15.30  -0.82715632790E-01  -0.16751507072E+00             0.13509245120E+01
 15.40  -0.65964125718E-01  -0.17578663400E+00             0.14860388050E+01
 15.50  -0.48385462318E-01  -0.18238304657E+00             0.15984874805E+01
 15.60  -0.30147157661E-01  -0.18722159280E+00             0.16836478550E+01
 15.70  -0.11424998381E-01  -0.19023630857E+00             0.17379020111E+01
 15.80   0.75986324764E-02  -0.19137880841E+00             0.17588021053E+01
 15.90   0.26736513317E-01  -0.19061894516E+00             0.17451920804E+01
 16.00   0.45798407833E-01  -0.18794529383E+00             0.16972800224E+01
 16.10   0.64592937216E-01  -0.18336545304E+00             0.16166572713E+01
 16.20   0.82929482520E-01  -0.17690615932E+00             0.15062624472E+01
 16.30   0.10062009845E+00  -0.16861321107E+00             0.13702907279E+01
 16.40   0.11748141956E+00  -0.15855120123E+00             0.12140509153E+01
 16.50   0.13333653968E+00  -0.14680305927E+00             0.10437749733E+01
 16.60   0.14801684561E+00  -0.13346940530E+00             0.86638671821E+00
 16.70   0.16136378614E+00  -0.11866772074E+00             0.68923811769E+00
 16.80   0.17323055821E+00  -0.10253134213E+00             0.51982312035E+00
 16.90   0.18348369243E+00  -0.85208286305E-01             0.36548004038E+00
 17.00   0.19200452106E+00  -0.66859917063E-01             0.23309420148E+00
 17.10   0.19869051276E+00  -0.47659464957E-01             0.12881276922E+00
 17.20   0.20345645926E+00  -0.27790413681E-01             0.57783451991E-01
 17.30   0.20623550063E+00  -0.74447677549E-02             0.23928028563E-01
 17.40   0.20697997740E+00   0.13178782308E-01             0.29760483678E-01
 17.50   0.20566209917E+00   0.33876780048E-01             0.76257941110E-01
 17.60   0.20227442117E+00   0.54442989965E-01             0.16279063102E+00
 17.70   0.19683012217E+00   0.74670432082E-01             0.28711488647E+00
 17.80   0.18936307896E+00   0.94353444299E-01             0.44543071693E+00
 17.90   0.17992773453E+00   0.11328975219E+00             0.63250294790E+00
 18.00   0.16859875931E+00   0.13128252565E+00             0.84184234680E+00
 18.10   0.15547050675E+00   0.14814240158E+00             0.10659406776E+01
 18.20   0.14065626659E+00   0.16368945225E+00             0.12965513428E+01
 18.30   0.12428732136E+00   0.17775507891E+00             0.15250052743E+01
 18.40   0.10651181347E+00   0.19018381105E+00             0.17425501161E+01
 18.50   0.87493432368E-01   0.20083499240E+00             0.19406995644E+01
 18.60   0.67409933128E-01   0.20958433563E+00             0.21115790611E+01
 18.70   0.46451499565E-01   0.21632532895E+00             0.22482539052E+01
 18.80   0.24818966670E-01   0.22097047890E+00             0.23450262718E+01
 18.90   0.27219187800E-02   0.22345237557E+00             0.23976886028E+01
 19.00  -0.19623318777E-01   0.22372456745E+00             0.24037223308E+01
 19.10  -0.41995775522E-01   0.22176223557E+00             0.23624328704E+01
 19.20  -0.64171999079E-01   0.21756265802E+00             0.22750141808E+01
 19.30  -0.85928264881E-01   0.21114545811E+00             0.21445388965E+01
 19.40  -0.10704281069E+00   0.20255263162E+00             0.19758729247E+01
 19.50  -0.12729807385E+00   0.19184835055E+00             0.17755164169E+01
 19.60  -0.14648290891E+00   0.17911854317E+00             0.15513760107E+01
 19.70  -0.16439476323E+00   0.16447025228E+00             0.13124760948E+01
 19.80  -0.18084178845E+00   0.14803077595E+00             0.10686194487E+01
 19.90  -0.19564486605E+00   0.12994659711E+00             0.83000984797E+00
 20.00  -0.20863952576E+00   0.11038211050E+00             0.60685100538E+00
 20.10  -0.21967773681E+00   0.89518157928E-01             0.40893745278E+00
 20.20  -0.22862955260E+00   0.67550384247E-01             0.24525360902E+00
 20.30  -0.23538459103E+00   0.44687428986E-01             0.12359727502E+00
 20.40  -0.23985333393E+00   0.21148969884E-01             0.50243144979E-01
 20.50  -0.24196823091E+00  -0.28363635089E-02             0.29660631267E-01
 20.60  -0.24168459456E+00  -0.27033186600E-01             0.64298410021E-01
 20.70  -0.23898127590E+00  -0.51201646057E-01             0.15444566812E+00
 20.80  -0.23386111130E+00  -0.75099773647E-01             0.29817715730E+00
 20.90  -0.22635113393E+00  -0.98485884777E-01             0.49138594332E+00
 21.00  -0.21650254546E+00  -0.12112099817E+00             0.72790429951E+00
 21.10  -0.20439044564E+00  -0.14277125272E+00             0.99970966864E+00
 21.20  -0.19011332037E+00  -0.16321029728E+00             0.12972091439E+01
 21.30  -0.17379229064E+00  -0.18222162932E+00             0.16095926397E+01
 21.40  -0.15557012771E+00  -0.19960085838E+00             0.19252419703E+01
 21.50  -0.13561004187E+00  -0.21515787115E+00             0.22321805568E+01
 21.60  -0.11409425475E+00  -0.22871887534E+00             0.25185465449E+01
 21.70  -0.91222367220E-01  -0.24012830081E+00             0.27730708330E+01
 21.80  -0.67209537139E-01  -0.24925053754E+00             0.29855409397E+01
 21.90  -0.42284483386E-01  -0.25597149125E+00             0.31472318248E+01
 22.00  -0.16687334261E-01  -0.26019993959E+00             0.32512857247E+01
 22.10   0.93326596981E-02  -0.26186867301E+00             0.32930247448E+01
 22.20   0.35519526999E-01  -0.26093540704E+00             0.32701823233E+01
 22.30   0.61613067704E-01  -0.25738345434E+00             0.31830426533E+01
 22.40   0.87351413138E-01  -0.25122214757E+00             0.30344806227E+01
 22.50   0.11247362790E+00  -0.24248700626E+00             0.28298986713E+01
 22.60   0.13672232852E+00  -0.23123964347E+00             0.25770610232E+01
 22.70   0.15984629287E+00  -0.21756741062E+00             0.22858298821E+01
 22.80   0.18160303393E+00  -0.20158278133E+00             0.19678121943E+01
 22.90   0.20176131206E+00  -0.18342247794E+00             0.16359293495E+01
 23.00   0.22010355986E+00  -0.16324634673E+00             0.13039255225E+01
 23.10   0.23642819453E+00  -0.14123599075E+00             0.98583314162E+00
 23.20   0.25055179361E+00  -0.11759317129E+00             0.69541605259E+00
 23.30   0.26231111073E+00  -0.92537991932E-01             0.44561226265E+00
 23.40   0.27156490993E+00  -0.66306880859E-01             0.24799859977E+00
 23.50   0.27819559801E+00  -0.39150389866E-01             0.11229919572E+00
 23.60   0.28211063700E+00  -0.11330830065E-01             0.45958383587E-01
 23.70   0.28324372001E+00   0.16880233635E-01             0.53796431111E-01
 23.80   0.28155569664E+00   0.45204605636E-01             0.13776358008E+00
 23.90   0.27703523608E+00   0.73360175300E-01             0.29680423068E+00
 24.00   0.26969921855E+00   0.10106369891E+00             0.52683893104E+00
 24.10   0.25959284866E+00   0.12803362076E+00             0.82086726189E+00
 24.20   0.24678948658E+00   0.15399290563E+00             0.11691899209E+01
 24.30   0.23139019602E+00   0.17867185429E+00             0.15597434967E+01
 24.40   0.21352301059E+00   0.20181087389E+00             0.19785367740E+01
 24.50   0.19334192320E+00   0.22316317495E+00             0.24101731130E+01
 24.60   0.17102560571E+00   0.24249736727E+00             0.28384396887E+01
 24.70   0.14677586898E+00   0.25959992784E+00             0.32469413019E+01
 24.80   0.12081587620E+00   0.27427751474E+00             0.36197542454E+01
 24.90   0.93388124723E-01   0.28635910236E+00             0.39420744058E+01
 25.00   0.64752214487E-01   0.29569791483E+00             0.42008334978E+01
 25.10   0.35182423004E-01   0.30217313628E+00             0.43852580794E+01
 25.20   0.49651093763E-02   0.30569137858E+00             0.44873477795E+01
 25.30  -0.25604028481E-01   0.30618788952E+00             0.45022519405E+01
 25.40  -0.56222817433E-01   0.30362748667E+00             0.44285275273E+01
 25.50  -0.86585566100E-01   0.29800520492E+00             0.42682655759E+01
 25.60  -0.11638608659E+00   0.28934664831E+00             0.40270784690E+01
 25.70  -0.14532075142E+00   0.27770803966E+00             0.37139457494E+01
 25.80  -0.17309155539E+00   0.26317596451E+00             0.33409218133E+01
 25.90  -0.19940915184E+00   0.24586680897E+00             0.29227144269E+01
 26.00  -0.22399583274E+00   0.22592589379E+00             0.24761483720E+01
 26.10  -0.24658842212E+00   0.20352631052E+00             0.20195334196E+01
 26.20  -0.26694105317E+00   0.17886746830E+00             0.15719600528E+01
 26.30  -0.28482780000E+00   0.15217336299E+00             0.11525497278E+01
 26.40  -0.30004513630E+00   0.12369058299E+00             0.77968882447E+00
 26.50  -0.31241419460E+00   0.93686069358E-01             0.47027667649E+00
 26.60  -0.32178280153E+00   0.62444649898E-01             0.23901811881E+00
 26.70  -0.32802726652E+00   0.30266369745E-01             0.97789815456E-01
 26.80  -0.33105390350E+00  -0.25363569072E-02             0.55107261278E-01
 26.90  -0.33080026781E+00  -0.35641747257E-01             0.11571585435E+00
 27.00  -0.32723609308E+00  -0.68721774037E-01             0.28032493084E+00
 27.10  -0.32036391568E+00  -0.10144538335E+00             0.54549830105E+00
 27.20  -0.31021937734E+00  -0.13348177491E+00             0.90370882195E+00
 27.30  -0.29687119985E+00  -0.16450371265E+00             0.13435581149E+01
 27.40  -0.28042082859E+00  -0.19419083263E+00             0.18501559371E+01
 27.50  -0.26100174532E+00  -0.22223291549E+00             0.24056472038E+01
 27.60  -0.23877845377E+00  -0.24833309002E+00             0.29898684943E+01
 27.70  -0.21394514477E+00  -0.27221093540E+00             0.35811103192E+01
 27.80  -0.18672405123E+00  -0.29360544988E+00             0.41569567084E+01
 27.90  -0.15736350624E+00  -0.31227785500E+00             0.46951700045E+01
 28.00  -0.12613572074E+00  -0.32801420563E+00             0.51745862928E+01
 28.10  -0.93334300181E-01  -0.34062777770E+00             0.55759857726E+01
 28.20  -0.59271522411E-01  -0.34996120772E+00             0.58829026652E+01
 28.30  -0.24275401639E-01  -0.35588835996E+00             0.60823409663E+01
 28.40   0.11313434357E-01  -0.35831590012E+00             0.61653654481E+01
 28.50   0.47145024369E-01  -0.35718455669E+00             0.61275417045E+01
 28.60   0.82863480038E-01  -0.35247005425E+00             0.59692045598E+01
 28.70   0.11811048546E+00  -0.34418370625E+00             0.56955406268E+01
 28.80   0.15252885609E+00  -0.33237265770E+00             0.53164779698E+01
 28.90   0.18576612186E+00  -0.31711977209E+00             0.48463834179E+01
 29.00   0.21747809907E+00  -0.29854315991E+00             0.43035758018E+01
 29.10   0.24733241506E+00  -0.27679535000E+00             0.37096709326E+01
 29.20   0.27501195006E+00  -0.25206210849E+00             0.30887812063E+01
 29.30   0.30021816091E+00  -0.22456091349E+00             0.24665990097E+01
 29.40   0.32267425225E+00  -0.19453909740E+00             0.18693983457E+01
 29.50   0.34212816199E+00  -0.16227167217E+00             0.13229930698E+01
 29.60   0.35835532921E+00  -0.12805885597E+00             0.85169264085E+00
 29.70   0.37116121481E+00  -0.92223323051E-01             0.47729720961E+00
 29.80   0.38038354711E+00  -0.55107201570E-01             0.21817313344E+00
 29.90   0.38589426727E+00  -0.17068846858E-01             0.88447605254E-01
 30.00   0.38760115196E+00   0.21520579869E-01             0.97357086385E-01
 30.10   0.38544909397E+00   0.60280695064E-01             0.24877876274E+00
 30.20   0.37942102446E+00   0.98825604461E-01             0.54096749157E+00
 30.30   0.36953846402E+00   0.13676770691E+00             0.96651291764E+00
 30.40   0.35586169333E+00   0.17372155331E+00             0.15125229040E+01
 30.50   0.33848953800E+00   0.20930772264E+00             0.21610304705E+01
 30.60   0.31755876573E+00   0.24315667644E+00             0.28896124145E+01
 30.70   0.29324309809E+00   0.27491255301E+00             0.36721990622E+01
 30.80   0.26575184279E+00   0.30423686282E+00             0.44800465200E+01
 30.90   0.23532815650E+00   0.33081204710E+00             0.52828357072E+01
 31.00   0.20224695179E+00   0.35434486275E+00             0.60498566448E+01
 31.10   0.16681246552E+00   0.37456955793E+00             0.67512322254E+01
 31.20   0.12935550972E+00   0.39125080448E+00             0.73591331842E+01
 31.30   0.90230429276E-01   0.40418635546E+00             0.78489353744E+01
 31.40   0.49811793731E-01   0.41320939838E+00             0.82002717793E+01
 31.50   0.84908538924E-02   0.41819057776E+00             0.83979349621E+01
 31.60  -0.33328203883E-01   0.41903966315E+00             0.84325907553E+01
 31.70  -0.75232170198E-01   0.41570684276E+00             0.83012707808E+01
 31.80  -0.11680285447E+00   0.40818362574E+00             0.80076196022E+01
 31.90  -0.15762121705E+00   0.39650334029E+00             0.75618816674E+01
 32.00  -0.19727155108E+00   0.38074121859E+00             0.69806233354E+01
 32.10  -0.23534567294E+00   0.36101406348E+00             0.62861958094E+01
 32.20  -0.27144707928E+00   0.33747949618E+00             0.55059553032E+01
 32.30  -0.30519502890E+00   0.31033478826E+00             0.46712668349E+01
 32.40  -0.33622850773E+00   0.27981528537E+00             0.38163272450E+01
 32.50  -0.36421003626E+00   0.24619243459E+00             0.29768510024E+01
 32.60  -0.38882927972E+00   0.20977143097E+00             0.21886687414E+01
 32.70  -0.40980642282E+00   0.17088850299E+00             0.14862929716E+01
 32.80  -0.42689527312E+00   0.12990786071E+00             0.90150781735E+00
 32.90  -0.43988605919E+00   0.87218333401E-01             0.46203982199E+00
 33.00  -0.44860789253E+00   0.43229727482E-01             0.19036474504E+00
 33.10  -0.45293086528E+00  -0.16310617711E-02             0.10270093497E+00
 33.20  -0.45276775910E+00  -0.46924148299E-01             0.20823339265E+00
 33.30  -0.44807534427E+00  -0.92200924209E-01             0.50860427768E+00
 33.40  -0.43885525185E+00  -0.13700845864E+00             0.99769564381E+00
 33.50  -0.42515440599E+00  -0.18089398382E+00             0.16617189895E+01
 33.60  -0.40706500760E+00  -0.22340942442E+00             0.24796141998E+01
 33.70  -0.38472406516E+00  -0.26411592518E+00             0.34237481004E+01
 33.80  -0.35831247264E+00  -0.30258833170E+00             0.44608906350E+01
 33.90  -0.32805363948E+00  -0.33841957896E+00             0.55534350998E+01
 34.00  -0.29421168158E+00  -0.37122494291E+00             0.66608184114E+01
 34.10  -0.25708918729E+00  -0.40064611107E+00             0.77410884743E+01
 34.20  -0.21702457618E+00  -0.42635502980E+00             0.87525587543E+01
 34.30  -0.17438907320E+00  -0.44805748741E+00             0.96554854620E+01
 34.40  -0.12958332446E+00  -0.46549639473E+00             0.10413700545E+02
 34.50  -0.83033684987E-01  -0.47845472718E+00             0.10996134121E+02
 34.60  -0.35188212269E-01  -0.48675809568E+00             0.11378163072E+02
 34.70   0.13487597299E-01  -0.49027691691E+00             0.11542728239E+02
 34.80   0.62515288989E-01  -0.48892815718E+00             0.11481170754E+02
 34.90   0.11140810471E+00  -0.48267662828E+00             0.11193748337E+02
 35.00   0.15967576753E+00  -0.47153581781E+00             0.10689804415E+02
 35.10   0.20682934932E+00  -0.45556824105E+00             0.99875763066E+01
 35.20   0.25238617342E+00  -0.43488530612E+00             0.91136429099E+01
 35.30   0.29587470403E+00  -0.40964668878E+00             0.81020267906E+01
 35.40   0.33683937291E+00  -0.38005921838E+00             0.69929797364E+01
 35.50   0.37484529475E+00  -0.34637528108E+00             0.58314941108E+01
 35.60   0.40948282286E+00  -0.30889075161E+00             0.46655941897E+01
 35.70   0.44037189802E+00  -0.26794246932E+00             0.35444715773E+01
 35.80   0.46716614495E+00  -0.22390527952E+00             0.25165363365E+01
 35.90   0.48955667290E+00  -0.17718866503E+00             0.16274602891E+01
 36.00   0.50727553941E+00  -0.12823299774E+00             0.91829079249E+00
 36.10   0.52009883918E+00  -0.77505443797E-01             0.42371204641E+00
 36.20   0.52784938356E+00  -0.25495559879E-01             0.17052661786E+00
 36.30   0.53039893955E+00   0.27289378477E-01             0.17642250027E+00
 36.40   0.52767000170E+00   0.80329272431E-01             0.44908088764E+00
 36.50   0.51963707446E+00   0.13309627260E+00             0.98566729039E+00
 36.60   0.50632744720E+00   0.18505998005E+00             0.17727341041E+01
 36.70   0.48782144919E+00   0.23569272477E+00             0.27865468087E+01
 36.80   0.46425217671E+00   0.28447486969E+00             0.39938292320E+01
 36.90   0.43580468975E+00   0.33090008736E+00             0.53529064162E+01
 37.00   0.40271468101E+00   0.37448055633E+00             0.68152072503E+01
 37.10   0.36526662538E+00   0.41475202443E+00             0.83270738436E+01
 37.20   0.32379142293E+00   0.45127868697E+00             0.98318112509E+01
 37.30   0.27866355424E+00   0.48365782926E+00             0.11271900185E+02
 37.40   0.23029777131E+00   0.51152418469E+00             0.12591287265E+02
 37.50   0.17914535284E+00   0.53455396182E+00             0.13737662516E+02
 37.60   0.12568995666E+00   0.55246849710E+00             0.14664632545E+02
 37.70   0.70443106949E-01   0.56503749277E+00             0.15333700138E+02
 37.80   0.13939357673E-01   0.57208180346E+00             0.15715967018E+02
 37.90  -0.43268822674E-01   0.57347573923E+00             0.15793485911E+02
 38.00  -0.10061639660E+00   0.56914885696E+00             0.15560200664E+02
 38.10  -0.15753128229E+00   0.55908721730E+00             0.15022428417E+02
 38.20  -0.21344000402E+00   0.54333408907E+00             0.14198855309E+02
 38.30  -0.26777341293E+00   0.52199008867E+00             0.13120036102E+02
 38.40  -0.31997242180E+00   0.49521274738E+00             0.11827407817E+02
 38.50  -0.36949369654E+00   0.46321550520E+00             0.10371847172E+02
 38.60  -0.41581524706E+00   0.42626613555E+00             0.88118204952E+01
 38.70  -0.45844186061E+00   0.38468461084E+00             0.72111921060E+01
 38.80  -0.49691032169E+00   0.33884042478E+00             0.56367721969E+01
 38.90  -0.53079436417E+00   0.28914939261E+00             0.41556972958E+01
 39.00  -0.55970930343E+00   0.23606995619E+00             0.28327449951E+01
 39.10  -0.58331629905E+00   0.18009902585E+00             0.17276893029E+01
 39.20  -0.60132620164E+00   0.12176739594E+00             0.89280348467E+00
 39.30  -0.61350294123E+00   0.61634775780E-01             0.37061349446E+00
 39.40  -0.61966641881E+00   0.28448165658E-03             0.19199712155E+00
 39.50  -0.61969486698E+00  -0.61682160224E-01             0.37471202457E+00
 39.60  -0.61352665095E+00  -0.12365164692E+00             0.92242030006E+00
 39.70  -0.60116148626E+00  -0.18500431202E+00             0.18242586805E+01
 39.80  -0.58266105506E+00  -0.24512046064E+00             0.30549825642E+01
 39.90  -0.55814900899E+00  -0.30338656615E+00             0.45756896352E+01
 40.00  -0.52781035238E+00  -0.35920146705E+00             0.63351057065E+01
 40.10  -0.49189020567E+00  -0.41198250229E+00             0.82713925240E+01
 40.20  -0.45069195545E+00  -0.46117152285E+00             0.10314415530E+02
 40.30  -0.40457480316E+00  -0.50624071840E+00             0.12388389897E+02
 40.40  -0.35395073132E+00  -0.54669819871E+00             0.14414806321E+02
 40.50  -0.29928091145E+00  -0.58209327185E+00             0.16315524886E+02
 40.60  -0.24107158426E+00  -0.61202136299E+00             0.18015916298E+02
 40.70  -0.17986944797E+00  -0.63612852142E+00             0.19447925496E+02
 40.80  -0.11625659582E+00  -0.65411546621E+00             0.20552933210E+02
 40.90  -0.50845049202E-01  -0.66574112580E+00             0.21284296670E+02
 41.00   0.15729063377E-01  -0.67082563072E+00             0.21609461130E+02
 41.10   0.82811626449E-01  -0.66925272438E+00             0.21511548903E+02
 41.20   0.14973689889E+00  -0.66097156173E+00             0.20990351698E+02
 41.30   0.21583405506E+00  -0.64599787185E+00             0.20062674455E+02
 41.40   0.28043384225E+00  -0.62441446634E+00             0.18762003876E+02
 41.50   0.34287528888E+00  -0.59637108212E+00             0.17137501345E+02
 41.60   0.40251239709E+00  -0.56208355323E+00             0.15252347072E+02
 41.70   0.45872075241E+00  -0.52183231352E+00             0.13181488788E+02
 41.80   0.51090398377E+00  -0.47596023828E+00             0.11008873327E+02
 41.90   0.55850000759E+00  -0.42486983990E+00             0.88242616980E+01
 42.00   0.60098699158E+00  -0.36901983914E+00             0.67197469955E+01
 42.10   0.63788897550E+00  -0.30892113998E+00             0.47861088129E+01
 42.20   0.66878108950E+00  -0.24513224243E+00             0.31091470506E+01
 42.30   0.69329431374E+00  -0.17825413348E+00             0.17661417264E+01
 42.40   0.71111972709E+00  -0.10892470211E+00             0.82258327997E+00
 42.50   0.72201219730E+00  -0.37812729401E-01             0.32930992280E+00
 42.60   0.72579347024E+00   0.34388490329E-01             0.32017500891E+00
 42.70   0.72235462121E+00   0.10696783735E+00             0.81034861669E+00
 42.80   0.71165783747E+00   0.17920329947E+00             0.17953341973E+01
 42.90   0.69373750752E+00   0.25036908322E+00             0.32507540942E+01
 43.00   0.66870059920E+00   0.31974283397E+00             0.51329279894E+01
 43.10   0.63672631580E+00   0.38661289389E+00             0.73802370180E+01
 43.20   0.59806502641E+00   0.45028552547E+00             0.99152346426E+01
 43.30   0.55303647387E+00   0.51009202811E+00             0.12647434651E+02
 43.40   0.50202727106E+00   0.56539567550E+00             0.15476678090E+02
 43.50   0.44548770351E+00   0.61559840261E+00             0.18296955753E+02
 43.60   0.38392786324E+00   0.66014717296E+00             0.21000542106E+02
 43.70   0.31791314595E+00   0.69853995928E+00             0.23482281132E+02
 43.80   0.24805915002E+00   0.73033127388E+00             0.25643855287E+02
 43.90   0.17502602263E+00   0.75513718888E+00             0.27397866051E+02
 44.00   0.99512303745E-01   0.77263979114E+00             0.28671558643E+02
 44.10   0.22248324631E-01   0.78259102152E+00             0.29410034402E+02
 44.20  -0.56010777520E-01   0.78481585398E+00             0.29578811706E+02
 44.30  -0.13449236292E+00   0.77921477623E+00             0.29165619651E+02
 44.40  -0.21241384054E+00   0.76576553994E+00             0.28181337140E+02
 44.50  -0.28899039453E+00   0.74452415588E+00             0.26660022546E+02
 44.60  -0.36344281012E+00   0.71562511643E+00             0.24658014473E+02
 44.70  -0.43500532177E+00   0.67928083542E+00             0.22252121025E+02
 44.80  -0.50293340531E+00   0.63578030324E+00             0.19536951848E+02
 44.90  -0.56651143563E+00   0.58548696271E+00             0.16621482711E+02
 45.00  -0.62506013190E+00   0.52883581915E+00             0.13624974964E+02
 45.10  -0.67794371382E+00   0.46632980596E+00             0.10672400530E+02
 45.20  -0.72457669441E+00   0.39853543457E+00             0.78895459482E+01
 45.30  -0.76443023787E+00   0.32607776513E+00             0.53979853563E+01
 45.40  -0.79703801438E+00   0.24963474135E+00             0.33101213444E+01
 45.50  -0.82200148852E+00   0.16993093991E+00             0.17244939223E+01
 45.60  -0.83899458251E+00   0.87730791055E-01             0.72155109013E+00
 45.70  -0.84776766161E+00   0.38313328046E-02             0.36005989495E+00
 45.80  -0.84815079489E+00  -0.80945433357E-01             0.67431476141E+00
 45.90  -0.84005625156E+00  -0.16576051285E+00             0.16722710696E+01
 46.00  -0.82348020027E+00  -0.24976613800E+00             0.33346974198E+01
 46.10  -0.79850358647E+00  -0.33211415803E+00             0.56154010553E+01
 46.20  -0.76529217067E+00  -0.41196451668E+00             0.84425389725E+01
 46.30  -0.72409571900E+00  -0.48849373374E+00             0.11720983967E+02
 46.40  -0.67524634563E+00  -0.56090330564E+00             0.15335671942E+02
 46.50  -0.61915601506E+00  -0.62842794021E+00             0.19155815969E+02
 46.60  -0.55631322104E+00  -0.69034354171E+00             0.23039835552E+02
 46.70  -0.48727886687E+00  -0.74597486382E+00             0.26840817794E+02
 46.80  -0.41268138049E+00  -0.79470275050E+00             0.30412302170E+02
 46.90  -0.33321110544E+00  -0.83597088855E+00             0.33614163439E+02
 47.00  -0.24961401658E+00  -0.86929199910E+00             0.36318358776E+02
 47.10  -0.16268481667E+00  -0.89425340076E+00             0.38414305906E+02
 47.20  -0.73259476599E-01  -0.91052188242E+00             0.39813669199E+02
 47.30   0.17792711643E-01  -0.91784783008E+00             0.40454349864E+02
 47.40   0.10957749465E+00  -0.91606855892E+00             0.40303504268E+02
 47.50   0.20118435054E+00  -0.90511080945E+00             0.39359449798E+02
 47.60   0.29169543149E+00  -0.88499237440E+00             0.37652359474E+02
 47.70   0.38019466893E+00  -0.85582283125E+00             0.35243693135E+02
 47.80   0.46577695205E+00  -0.81780336436E+00             0.32224362584E+02
 47.90   0.54755728849E+00  -0.77122566915E+00             0.28711678845E+02
 48.00   0.62467985541E+00  -0.71646994030E+00             0.24845179462E+02
 48.10   0.69632684944E+00  -0.65400195476E+00             0.20781480640E+02
 48.20   0.76172704491E+00  -0.58436926982E+00             0.16688341083E+02
 48.30   0.82016397189E+00  -0.50819656533E+00             0.12738159698E+02
 48.40   0.87098362843E+00  -0.42618016814E+00             0.91011565455E+01
 48.50   0.91360164524E+00  -0.33908180530E+00             0.59385041053E+01
 48.60   0.94750982577E+00  -0.24772164077E+00             0.33956832979E+01
 48.70   0.97228198985E+00  -0.15297065820E+00             0.15963352032E+01
 48.80   0.98757905567E+00  -0.55742459210E-01             0.63686498445E+00
 48.90   0.99315330159E+00   0.43015446356E-01             0.58202952081E+00
 49.00   0.98885175695E+00   0.14233077651E+00             0.14617054569E+01
 49.10   0.97461867930E+00   0.24121595221E+00             0.32689909966E+01
 49.20   0.95049708408E+00   0.33867782014E+00             0.59597443678E+01
 49.30   0.91662930207E+00   0.43372752855E+00             0.94536063431E+01
 49.40   0.87325654921E+00   0.52539045875E+00             0.13636495642E+02
 49.50   0.82071750334E+00   0.61271611368E+00             0.18364506757E+02
 49.60   0.75944589197E+00   0.69478786401E+00             0.23469082082E+02
 49.70   0.68996710557E+00   0.77073245321E+00             0.28763276566E+02
 49.80   0.61289386025E+00   0.83972916376E+00             0.34048885630E+02
 49.90   0.52892094387E+00   0.90101854979E+00             0.39124167870E+02
 50.00   0.43881908889E+00   0.95391064417E+00             0.43791864826E+02
 50.10   0.34342802447E+00   0.99779255306E+00             0.47867202193E+02
 50.20   0.24364876917E+00   0.10321353555E+01             0.51185551250E+02
 50.30   0.14043523362E+00   0.10565002324E+01             0.53609436456E+02
 50.40   0.34785210373E-01   0.10705437558E+01             0.55034595071E+02
 50.50  -0.72269165205E-01   0.10740222768E+01             0.55394826747E+02
 50.60  -0.17967139289E+00   0.10667953603E+01             0.54665414309E+02
 50.70  -0.28635092892E+00   0.10488282210E+01             0.52864949826E+02
 50.80  -0.39123375102E+00   0.10201931281E+01             0.50055460701E+02
 50.90  -0.49325306383E+00   0.98106975302E+00             0.46340796544E+02
 51.00  -0.59136003914E+00   0.93174444664E+00             0.41863306567E+02
 51.10  -0.68453448380E+00   0.87260844273E+00             0.36798906367E+02
 51.20  -0.77179532807E+00   0.80415499435E+00             0.31350699556E+02
 51.30  -0.85221082751E+00   0.72697546154E+00             0.25741380954E+02
 51.40  -0.92490837366E+00   0.64175437879E+00             0.20204701493E+02
 51.50  -0.98908381154E+00   0.54926354142E+00             0.14976318223E+02
 51.60  -0.10440101657E+01   0.45035516027E+00             0.10284383987E+02
 51.70  -0.10890456817E+01   0.34595414370E+00             0.63402488719E+01
 51.80  -0.11236410961E+01   0.23704957553E+00             0.33296485668E+01
 51.90  -0.11473460536E+01   0.12468546592E+00             0.14047427525E+01
 52.00  -0.11598146002E+01   0.99508605587E-02             0.67733987588E+00
 52.10  -0.11608096863E+01  -0.10603059946E+00             0.12136038387E+01
 52.20  -0.11502066263E+01  -0.22211156809E+00             0.30304846493E+01
 52.30  -0.11279954695E+01  -0.33713223072E+00             0.60940508201E+01
 52.40  -0.10942822465E+01  -0.44993177768E+00             0.10319828609E+02
 52.50  -0.10492890687E+01  -0.55936000232E+00             0.15575174833E+02
 52.60  -0.99335306845E+00  -0.66428890919E+00             0.21683628988E+02
 52.70  -0.92692417753E+00  -0.76362421604E+00             0.28431109934E+02
 52.80  -0.85056175593E+00  -0.85631663379E+00             0.35573745724E+02
 52.90  -0.76493009255E+00  -0.94137280938E+00             0.42847055458E+02
 53.00  -0.67079281161E+00  -0.10178658186E+01             0.49976142103E+02
 53.10  -0.56900622975E+00  -0.10849450998E+01             0.56686507902E+02
 53.20  -0.46051171977E+00  -0.11418457228E+01             0.62715071177E+02
 53.30  -0.34632714749E+00  -0.11878968948E+01             0.67820946790E+02
 53.40  -0.22753745802E+00  -0.12225296095E+01             0.71795553233E+02
 53.50  -0.10528449707E+00  -0.12452833553E+01             0.74471627505E+02
 53.60   0.19243838464E-01  -0.12558118050E+01             0.75730764329E+02
 53.70   0.14482501896E+00  -0.12538874212E+01             0.75509147734E+02
 53.80   0.27021376108E+00  -0.12394049193E+01             0.73801208816E+02
 53.90   0.39415425301E+00  -0.12123835432E+01             0.70661021339E+02
 54.00   0.51539260732E+00  -0.11729681179E+01             0.66201333718E+02
 54.10   0.63268941911E+00  -0.11214288571E+01             0.60590228720E+02
 54.20   0.74483230482E+00  -0.10581599152E+01             0.54045497125E+02
 54.30   0.85064829634E+00  -0.98367668473E+00             0.46826905022E+02
 54.40   0.94901596482E+00  -0.89861185510E+00             0.39226622490E+02
 54.50   0.10388771503E+01  -0.80371025861E+00             0.31558160501E+02
 54.60   0.11192481762E+01  -0.69982254358E+00             0.24144229712E+02
 54.70   0.11892304305E+01  -0.58789772596E+00             0.17303986320E+02
 54.80   0.12480202031E+01  -0.46897468291E+00             0.11340164113E+02
 54.90   0.12949176714E+01  -0.34417266259E+00             0.65266064249E+01
 55.00   0.13293349377E+01  -0.21468089545E+00             0.30967060159E+01
 55.10   0.13508030272E+01  -0.81747401683E-01             0.12332346707E+01
 55.20   0.13589777674E+01   0.53332901041E-01             0.10599982941E+01
 55.30   0.13536444773E+01   0.18923067778E+00             0.26356888223E+01
 55.40   0.13347214095E+01   0.32459512551E+00             0.59502236447E+01
 55.50   0.13022618970E+01   0.45806726646E+00             0.10923769326E+02
 55.60   0.12564551703E+01   0.58829345616E+00             0.17408542728E+02
 55.70   0.11976258247E+01   0.71393897319E+00             0.25193373142E+02
 55.80   0.11262319274E+01   0.83370155566E+00             0.34010897971E+02
 55.90   0.10428617718E+01   0.94632474840E+00             0.43547156361E+02
 56.00   0.94822929698E+00   0.10506109256E+01             0.53453244280E+02
 56.10   0.84316820442E+00   0.11454338553E+01             0.63358605093E+02
 56.20   0.72862481890E+00   0.12297506757E+01             0.72885455571E+02
 56.30   0.60564975132E+00   0.13026131576E+01             0.81663791674E+02
 56.40   0.47538843556E+00   0.13631781327E+01             0.89346384012E+02
 56.50   0.33907062229E+00   0.14107169763E+01             0.95623161478E+02
 56.60   0.19799892466E+00   0.14446240385E+01             0.10023439397E+03
 56.70   0.53536520803E-01   0.14644239310E+01             0.10298212141E+03
 56.80  -0.92905872297E-01   0.14697775831E+01             0.10373933557E+03
 56.90  -0.23988363060E+00   0.14604869958E+01             0.10245650125E+03
 57.00  -0.38593233019E+00   0.14364986328E+01             0.99165101904E+02
 57.10  -0.52958219347E+00   0.13979053998E+01             0.93978007762E+02
 57.20  -0.66937273345E+00   0.13449471804E+01             0.87086587657E+02
 57.30  -0.80386745149E+00   0.12780099071E+01             0.78754615111E+02
 57.40  -0.93166844220E+00   0.11976231619E+01             0.69309148491E+02
 57.50  -0.10514307584E+01   0.11044563177E+01             0.59128690166E+02
 57.60  -0.11618763902E+01   0.99931324187E+00             0.48629044770E+02
 57.70  -0.12618077143E+01   0.88312560286E+00             0.38247397431E+02
 57.80  -0.13501202746E+01   0.75694483142E+00             0.28425214623E+02
 57.90  -0.14258147578E+01   0.62193280396E+00             0.19590629677E+02
 58.00  -0.14880080382E+01   0.47935132818E+00             0.12141008914E+02
 58.10  -0.15359431710E+01   0.33055052436E+00             0.64264011448E+01
 58.20  -0.15689982234E+01   0.17695620726E+00             0.27345519484E+01
 58.30  -0.15866938442E+01   0.20056384922E-01             0.12781151344E+01
 58.40  -0.15886994826E+01  -0.13861299949E+00             0.21846183485E+01
 58.50  -0.15748381827E+01  -0.29748294776E+00             0.54896405748E+01
 58.60  -0.15450898879E+01  -0.45496676603E+00             0.11133539669E+02
 58.70  -0.14995932113E+01  -0.60947575482E+00             0.18961932508E+02
 58.80  -0.14386456358E+01  -0.75943507595E+00             0.28729983925E+02
 58.90  -0.13627021282E+01  -0.90329963953E+00             0.40110409011E+02
 59.00  -0.12723721643E+01  -0.10395698524E+01             0.52704942512E+02
 59.10  -0.11684151790E+01  -0.11668070688E+01             0.66058885107E+02
 59.20  -0.10517344722E+01  -0.12836485867E+01             0.79678205091E+02
 59.30  -0.92336961350E+00  -0.13888220339E+01             0.93048561064E+02
 59.40  -0.78448741011E+00  -0.14811589953E+01             0.10565552141E+03
 59.50  -0.63637151058E+00  -0.15596077363E+01             0.11700519385E+03
 59.60  -0.48041073696E+00  -0.16232448873E+01             0.12664444600E+03
 59.70  -0.31808624823E+00  -0.16712859610E+01             0.13417989801E+03
 59.80  -0.15095765212E+00  -0.17030945858E+01             0.13929490081E+03
 59.90   0.19351806462E-01  -0.17181903511E+01             0.14176377877E+03
 60.00   0.19117084157E+00  -0.17162551704E+01             0.14146271066E+03
 60.10   0.36279635861E+00  -0.16971380863E+01             0.13837674498E+03
 60.20   0.53251016723E+00  -0.16608584504E+01             0.13260259058E+03
 60.30   0.69859601227E+00  -0.16076074337E+01             0.12434698595E+03
 60.40   0.85935675564E+00  -0.15377478324E+01             0.11392062340E+03
 60.50   0.10131315389E+01  -0.14518121569E+01             0.10172778279E+03
 60.60   0.11583127546E+01  -0.13504990030E+01             0.88252003910E+02
 60.70   0.12933626549E+01  -0.12346677275E+01             0.74038292642E+02
 60.80   0.14168294276E+01  -0.11053314620E+01             0.59672504734E+02
 60.90   0.15273625738E+01  -0.96364851928E+00             0.45758677084E+02
 61.00   0.16237274258E+01  -0.81091226190E+00             0.32895174383E+02
 61.10   0.17048186519E+01  -0.64853951932E+00             0.21650583778E+02
 61.20   0.17696726039E+01  -0.47805765413E+00             0.12540319137E+02
 61.30   0.18174783693E+01  -0.30109039374E+00             0.60048873297E+01
 61.40   0.18475874087E+01  -0.11934255681E+00             0.23907214708E+01
 61.50   0.18595216643E+01   0.65416184054E-01             0.19344012982E+01
 61.60   0.18529800459E+01   0.25136835049E+00             0.47509615324E+01
 61.70   0.18278432109E+01   0.43666635508E+00             0.10826839224E+02
 61.80   0.17841765754E+01   0.61945067617E+00             0.20017836139E+02
 61.90   0.17222315078E+01   0.79786833371E+00             0.32052278702E+02
 62.00   0.16424446744E+01   0.97009148449E+00             0.46539353241E+02
 62.10   0.15454355259E+01   0.11343359519E+01             0.62982386332E+02
 62.20   0.14320019308E+01   0.12888795045E+01             0.80796637077E+02
 62.30   0.13031139803E+01   0.14320796976E+01             0.99330978561E+02
 62.40   0.11599060105E+01   0.15623910956E+01             0.11789267721E+03
 62.50   0.10036669010E+01   0.16783816967E+01             0.13577433868E+03
 62.60   0.83582873131E+00   0.17787483868E+01             0.15228198328E+03
 62.70   0.65795389263E+00   0.18623312599E+01             0.16676314786E+03
 62.80   0.47172076664E+00   0.19281266492E+01             0.17863388770E+03
 62.90   0.27890810173E+00   0.19752987258E+01             0.18740357367E+03
 63.00   0.81378229142E-01   0.20031895360E+01             0.19269644580E+03
 63.10  -0.11894072446E+00   0.20113273589E+01             0.19426899395E+03
 63.20  -0.32007346035E+00   0.19994332865E+01             0.19202238460E+03
 63.30  -0.52001678900E+00   0.19674259404E+01             0.18600933592E+03
 63.40  -0.71675938305E+00   0.19154242615E+01             0.17643505389E+03
 63.50  -0.90830180920E+00   0.18437483232E+01             0.16365207246E+03
 63.60  -0.10926766415E+01   0.17529181423E+01             0.14814908222E+03
 63.70  -0.12679684558E+01   0.16436504782E+01             0.13053407467E+03
 63.80  -0.14323335036E+01   0.15168536326E+01             0.11151236378E+03
 63.90  -0.15840188668E+01   0.13736202822E+01             0.91860263168E+02
 64.00  -0.17213808951E+01   0.12152183956E+01             0.72395387155E+02
 64.10  -0.18429027346E+01   0.10430803060E+01             0.53944698769E+02
 64.20  -0.19472107652E+01   0.85879003259E+00             0.37311540652E+02
 64.30  -0.20330897685E+01   0.66406895606E+00             0.23242950519E+02
 64.40  -0.20994966641E+01   0.46075997922E+00             0.12398577522E+02
 64.50  -0.21455726620E+01   0.25081031281E+00             0.53224781648E+01
 64.60  -0.21706536933E+01   0.36253046609E-01             0.24189806164E+01
 64.70  -0.21742789979E+01  -0.18081232272E+00             0.39336670526E+01
 64.80  -0.21561977657E+01  -0.39824022251E+00             0.99403394996E+01
 64.90  -0.21163737434E+01  -0.61385999908E+00             0.20334612120E+02
 65.00  -0.20549877435E+01  -0.82549737342E+00             0.34834520081E+02
 65.10  -0.19724380062E+01  -0.10309961478E+01             0.52988261628E+02
 65.20  -0.18693383914E+01  -0.12282399484E+01             0.74188906278E+02
 65.30  -0.17465143966E+01  -0.14151737875E+01             0.97695619354E+02
 65.40  -0.16049970178E+01  -0.15898252272E+01             0.12266068274E+03
 65.50  -0.14460144951E+01  -0.17503249290E+01             0.14816134484E+03
 65.60  -0.12709820022E+01  -0.18949263785E+01             0.17323531958E+03
 65.70  -0.10814893643E+01  -0.20220245787E+01             0.19691858434E+03
 65.80  -0.87928690647E+00  -0.21301735151E+01             0.21828400733E+03
 65.90  -0.66626955496E+00  -0.22181022058E+01             0.23647927208E+03
 66.00  -0.44445933438E+00  -0.22847291613E+01             0.25076256413E+03
 66.10  -0.21598641825E+00  -0.23291750947E+01             0.26053454405E+03
 66.20   0.16931091219E-01  -0.23507737365E+01             0.26536524977E+03
 66.30   0.25200846487E+00  -0.23490806274E+01             0.26501474784E+03
 66.40   0.48691652761E+00  -0.23238797809E+01             0.25944657953E+03
 66.50   0.71930450571E+00  -0.22751881282E+01             0.24883331800E+03
 66.60   0.94682331852E+00  -0.22032576776E+01             0.23355385499E+03
 66.70   0.11671490863E+01  -0.21085753457E+01             0.21418235975E+03
 66.80   0.13780066209E+01  -0.19918604371E+01             0.19146918533E+03
 66.90   0.15771926646E+01  -0.18540597750E+01             0.16631432627E+03
 67.00   0.17625986421E+01  -0.16963405086E+01             0.13973434222E+03
 67.10   0.19322326929E+01  -0.15200806444E+01             0.11282394243E+03
 67.20   0.20842407574E+01  -0.13268573751E+01             0.86713664479E+02
 67.30   0.22169264949E+01  -0.11184332993E+01             0.62525265566E+02
 67.40   0.23287698248E+01  -0.89674064985E+00             0.41326569393E+02
 67.50   0.24184438898E+01  -0.66386366737E+00             0.24087568228E+02
 67.60   0.24848302565E+01  -0.42201927839E+00             0.11639565731E+02
 67.70   0.25270321844E+01  -0.17353625274E+00             0.46390600157E+01
 67.80   0.25443858096E+01   0.79166965701E-01             0.35379105283E+01
 67.90   0.25364691131E+01   0.33360554666E+00             0.85611113507E+01
 68.00   0.25031085584E+01   0.58725245797E+00             0.19693215107E+02
 68.10   0.24443833126E+01   0.83756331381E+00             0.36674125758E+02
 68.20   0.23606269812E+01   0.10820016451E+01             0.59004617300E+02
 68.30   0.22524268167E+01   0.13180643432E+01             0.85961552569E+02
 68.40   0.21206203824E+01   0.15433070249E+01             0.11662238684E+03
 68.50   0.19662896799E+01   0.17553690631E+01             0.14989816025E+03
 68.60   0.17907527736E+01   0.19519980311E+01             0.18457382672E+03
 68.70   0.15955529705E+01   0.21310733085E+01             0.21935444952E+03
 68.80   0.13824456396E+01   0.22906286055E+01             0.25291552916E+03
 68.90   0.11533827791E+01   0.24288731695E+01             0.28395552834E+03
 69.00   0.91049546215E+00   0.25442114474E+01             0.31124853190E+03
 69.10   0.65607431741E+00   0.26352609936E+01             0.33369493297E+03
 69.20   0.39254821805E+00   0.27008684253E+01             0.35036807290E+03
 69.30   0.12246137552E+00   0.27401232471E+01             0.36055488356E+03
 69.40  -0.15155094920E+00   0.27523693847E+01             0.36378878162E+03
 69.50  -0.42678788767E+00   0.27372142898E+01             0.35987334006E+03
 69.60  -0.70050931664E+00   0.26945355010E+01             0.34889560226E+03
 69.70  -0.96996286674E+00   0.26244845693E+01             0.33122829659E+03
 69.80  -0.12324113237E+01   0.25274882827E+01             0.30752063969E+03
 69.90  -0.14851601519E+01   0.24042471503E+01             0.27867786769E+03
 70.00  -0.17255848670E+01   0.22557311351E+01             0.24583008981E+03
 70.10  -0.19511579805E+01   0.20831726484E+01             0.21029149849E+03
 70.20  -0.21594752453E+01   0.18880568504E+01             0.17351137801E+03
 70.30  -0.23482809304E+01   0.16721093258E+01             0.13701871134E+03
 70.40  -0.25154918629E+01   0.14372812328E+01             0.10236247763E+03
 70.50  -0.26592199862E+01   0.11857320465E+01             0.71049948009E+02
 70.60  -0.27777931909E+01   0.91981004787E+00             0.44485413676E+02
 70.70  -0.28697741957E+01   0.64203072878E+00             0.23911811958E+02
 70.80  -0.29339772685E+01   0.35505330922E+00             0.10357649478E+02
 70.90  -0.29694825995E+01   0.61655582364E-01             0.45914572026E+01
 71.00  -0.29756481577E+01  -0.23529267758E+00             0.70857551500E+01
 71.10  -0.29521188899E+01  -0.53285749335E+00             0.17992162907E+02
 71.20  -0.28988331406E+01  -0.82806938234E+00             0.37128878061E+02
 71.30  -0.28160262024E+01  -0.11179526964E+01             0.63981273258E+02
 71.40  -0.27042309327E+01  -0.13995553166E+01             0.97715851619E+02
 71.50  -0.25642754011E+01  -0.16699784099E+01             0.13720726942E+03
 71.60  -0.23972775601E+01  -0.19264059500E+01             0.18107760509E+03
 71.70  -0.22046369651E+01  -0.21661337060E+01             0.22774654593E+03
 71.80  -0.19880235945E+01  -0.23865974025E+01             0.27549069962E+03
 71.90  -0.17493638542E+01  -0.25853997620E+01             0.32250983539E+03
 72.00  -0.14908238780E+01  -0.27603361474E+01             0.36699753807E+03
 72.10  -0.12147902633E+01  -0.29094185352E+01             0.40721353024E+03
 72.20  -0.92384840975E+00  -0.30308975615E+01             0.44155479611E+03
 72.30  -0.62075865360E+00  -0.31232824025E+01             0.46862263087E+03
 72.40  -0.30843041335E+00  -0.31853582679E+01             0.48728284495E+03
 72.50   0.10105413436E-01  -0.32162013092E+01             0.49671657142E+03
 72.60   0.33172554436E+00  -0.32151907679E+01             0.49645945029E+03
 72.70   0.65324462114E+00  -0.31820182134E+01             0.48642738477E+03
 72.80   0.97144644248E+00  -0.31166937513E+01             0.46692756679E+03
 72.90   0.12831158176E+01  -0.30195491071E+01             0.43865403351E+03
 73.00   0.15850707283E+01  -0.28912375253E+01             0.40266762222E+03
 73.10   0.18741944809E+01  -0.27327304525E+01             0.36036081363E+03
 73.20   0.21474675261E+01  -0.25453110044E+01             0.31340856978E+03
 73.30   0.24019986265E+01  -0.23305642518E+01             0.26370685641E+03
 73.40   0.26350550517E+01  -0.20903643891E+01             0.21330106743E+03
 73.50   0.28440914906E+01  -0.18268588839E+01             0.16430701880E+03
 73.60   0.30267773790E+01  -0.15424497349E+01             0.11882753054E+03
 73.70   0.31810223525E+01  -0.12397719970E+01             0.78867853312E+02
 73.80   0.33049995522E+01  -0.92166976173E+00             0.46253307708E+02
 73.90   0.33971665284E+01  -0.59116980651E+00             0.22552483372E+02
 74.00   0.34562835090E+01  -0.25145315367E+00             0.90091894688E+01
 74.10   0.34814288244E+01   0.94175197231E-01             0.64860611622E+01
 74.20   0.34720113047E+01   0.44231807967E+00             0.15422317769E+02
 74.30   0.34277794967E+01   0.78951921014E+00             0.35807650943E+02
 74.40   0.33488275757E+01   0.11322971598E+01             0.67173614192E+02
 74.50   0.32355978597E+01   0.14671799174E+01             0.10860321077E+03
 74.60   0.30888798680E+01   0.17907397033E+01             0.15875866128E+03
 74.70   0.29098058976E+01   0.20996276901E+01             0.21592660290E+03
 74.80   0.26998431286E+01   0.23906082799E+01             0.27807925812E+03
 74.90   0.24607823006E+01   0.26605925928E+01             0.34294944117E+03
 75.00   0.21947230414E+01   0.29066708228E+01             0.40811667239E+03
 75.10   0.19040559591E+01   0.31261431270E+01             0.47110117078E+03
 75.20   0.15914416464E+01   0.33165487229E+01             0.52946211386E+03
 75.30   0.12597867741E+01   0.34756928875E+01             0.58089631050E+03
 75.40   0.91221748534E+00   0.36016715649E+01             0.62333333809E+03
 75.50   0.55205032884E+00   0.36928933135E+01             0.65502325818E+03
 75.60   0.18276099750E+00   0.37480983463E+01             0.67461324388E+03
 75.70  -0.19204883714E+00   0.37663744461E+01             0.68120982338E+03
 75.80  -0.56868628175E+00   0.37471695624E+01             0.67442395464E+03
 75.90  -0.94340323798E+00   0.36903009342E+01             0.65439677853E+03
 76.00  -0.13124333314E+01   0.35959606104E+01             0.62180462944E+03
 76.10  -0.16720293924E+01   0.34647172773E+01             0.57784268541E+03
 76.20  -0.20185011202E+01   0.32975143380E+01             0.52418748426E+03
 76.30  -0.23482525540E+01   0.30956642260E+01             0.46293938378E+03
 76.40  -0.26578189766E+01   0.28608389706E+01             0.39654687040E+03
 76.50  -0.29439028736E+01   0.25950570730E+01             0.32771538666E+03
 76.60  -0.32034085809E+01   0.23006667856E+01             0.25930402222E+03
 76.70  -0.34334752595E+01   0.19803259275E+01             0.19421396739E+03
 76.80  -0.36315078522E+01   0.16369784015E+01             0.13527303639E+03
 76.90  -0.37952056924E+01   0.12738276163E+01             0.85120812073E+02
 77.00  -0.39225884540E+01   0.89430704708E+00             0.46099030326E+02
 77.10  -0.40120191587E+01   0.50204820168E+00             0.20151704960E+02
 77.20  -0.40622239789E+01   0.10084628581E+00             0.87391939482E+01
 77.30  -0.40723086075E+01  -0.30537611208E+00             0.12769933141E+02
 77.40  -0.40417709963E+01  -0.71260697283E+00             0.32552930058E+02
 77.50  -0.39705102990E+01  -0.11167840725E+01             0.67773340047E+02
 77.60  -0.38588318917E+01  -0.15138351024E+01             0.11749256814E+03
 77.70  -0.37074483815E+01  -0.18997182915E+01             0.18017338553E+03
 77.80  -0.35174765524E+01  -0.22704631297E+01             0.25372955622E+03
 77.90  -0.32904302394E+01  -0.26222107849E+01             0.33559847659E+03
 78.00  -0.30282091609E+01  -0.29512538089E+01             0.42283437747E+03
 78.10  -0.27330837800E+01  -0.32540747249E+01             0.51221876467E+03
 78.20  -0.24076763075E+01  -0.35273831029E+01             0.60038401587E+03
 78.30  -0.20549379972E+01  -0.37681507337E+01             0.68394544198E+03
 78.40  -0.16781229238E+01  -0.39736445334E+01             0.75963668744E+03
 78.50  -0.12807584705E+01  -0.41414568258E+01             0.82444310714E+03
 78.60  -0.86661278793E+00  -0.42695326729E+01             0.87572773079E+03
 78.70  -0.43965952064E+00  -0.43561939517E+01             0.91134461449E+03
 78.80  -0.40401254755E-02  -0.44001599037E+01             0.92973478086E+03
 78.90   0.43597586490E+00  -0.44005639163E+01             0.93000055023E+03
 79.00   0.87603225652E+00  -0.43569663298E+01             0.91195484811E+03
 79.10   0.13117288895E+01  -0.42693631041E+01             0.87614300868E+03
 79.20   0.17386651999E+01  -0.41381902152E+01             0.82383564704E+03
 79.30   0.21524842214E+01  -0.39643236952E+01             0.75699230470E+03
 79.40   0.25489165909E+01  -0.37490752730E+01             0.67819673854E+03
 79.50   0.29238241183E+01  -0.34941836139E+01             0.59056587826E+03
 79.60   0.32732424796E+01  -0.32018012021E+01             0.49763557380E+03
 79.70   0.35934225999E+01  -0.28744769542E+01             0.40322724782E+03
 79.80   0.38808702953E+01  -0.25151346942E+01             0.31130041661E+03
 79.90   0.41323837647E+01  -0.21270476646E+01             0.22579670927E+03
 80.00   0.43450885312E+01  -0.17138092882E+01             0.15048146928E+03
 80.10   0.45164694600E+01  -0.12793004351E+01             0.88789241334E+02
 80.20   0.46443995035E+01  -0.82765348906E+00             0.43679417882E+02
 80.30   0.47271648524E+01  -0.36321353871E+00             0.17508037838E+02
 80.40   0.47634862063E+01   0.10950294653E+00             0.11921203211E+02
 80.50   0.47525359116E+01   0.58585156715E+00             0.27774822056E+02
 80.60   0.46939507549E+01   0.10611051583E+01             0.65084425264E+02
 80.70   0.45878402391E+01   0.15305002338E+01             0.12300767400E+03
 80.80   0.44347902157E+01   0.19892842577E+01             0.19986091635E+03
 80.90   0.42358617899E+01   0.24327632793E+01             0.29316981360E+03
 81.00   0.39925854620E+01   0.28563494583E+01             0.39975269091E+03
 81.10   0.37069505161E+01   0.32556080045E+01             0.51583392771E+03
 81.20   0.33813897157E+01   0.36263030561E+01             0.63718344470E+03
 81.30   0.30187594101E+01   0.39644420276E+01             0.75927721855E+03
 81.40   0.26223152073E+01   0.42663179687E+01             0.87747281037E+03
 81.50   0.21956834105E+01   0.45285494894E+01             0.98719317097E+03
 81.60   0.17428284615E+01   0.47481178304E+01             0.10841115187E+04
 81.70   0.12680166785E+01   0.49224006766E+01             0.11643298979E+04
 81.80   0.77577661082E+00   0.50492023444E+01             0.12245441307E+04
 81.90   0.27085637638E+00   0.51267800055E+01             0.12621882739E+04
 82.00  -0.24182162417E+00   0.51538656432E+01             0.12755523767E+04
 82.10  -0.75720818849E+00   0.51296834807E+01             0.12638682806E+04
 82.20  -0.12701765366E+01   0.50539626619E+01             0.12273593772E+04
 82.30  -0.17755728027E+01   0.49269450082E+01             0.11672516066E+04
 82.40  -0.22682673036E+01   0.47493877280E+01             0.10857444739E+04
 82.50  -0.27432060764E+01   0.45225609976E+01             0.98594244385E+03
 82.60  -0.31954621761E+01   0.42482403900E+01             0.87174866791E+03
 82.70  -0.36202862151E+01   0.39286941724E+01             0.74772454809E+03
 82.80  -0.40131556324E+01   0.35666655508E+01             0.61892008240E+03
 82.90  -0.43698221874E+01   0.31653499876E+01             0.49068120790E+03
 83.00  -0.46863571862E+01   0.27283677689E+01             0.36844140440E+03
 83.10  -0.49591939631E+01   0.22597320502E+01             0.25750559923E+03
 83.20  -0.51851671681E+01   0.17638126539E+01             0.16283488373E+03
 83.30  -0.53615484335E+01   0.12452959371E+01             0.88840690650E+02
 83.40  -0.54860780272E+01   0.70914109377E+00             0.39196876044E+02
 83.50  -0.55569921366E+01   0.16053329104E+00             0.16677601223E+02
 83.60  -0.55730454657E+01  -0.39516592261E+00             0.23028034111E+02
 83.70  -0.55335288734E+01  -0.95247046918E+00             0.58873714641E+02
 83.80  -0.54382818265E+01  -0.15058233565E+01             0.12367299578E+03
 83.90  -0.52876994909E+01  -0.20496515392E+01             0.21571533312E+03
 84.00  -0.50827343369E+01  -0.25784214883E+01             0.33216641313E+03
 84.10  -0.48248921881E+01  -0.30866949220E+01             0.46915925201E+03
 84.20  -0.45162226959E+01  -0.35691841408E+01             0.62192853590E+03
 84.30  -0.41593042818E+01  -0.40208064104E+01             0.78498368484E+03
 84.40  -0.37572236408E+01  -0.44367368386E+01             0.95231447860E+03
 84.50  -0.33135499570E+01  -0.48124592026E+01             0.11176216536E+04
 84.60  -0.28323040367E+01  -0.51438141983E+01             0.12745637259E+04
 84.70  -0.23179226169E+01  -0.54270446020E+01             0.14170104683E+04
 84.80  -0.17752181567E+01  -0.56588368637E+01             0.15392930116E+04
 84.90  -0.12093344703E+01  -0.58363586794E+01             0.16364404730E+04
 85.00  -0.62569860236E+00  -0.59572921264E+01             0.17043933510E+04
 85.10  -0.29969389719E-01  -0.60198619866E+01             0.17401846641E+04
 85.20   0.57201680894E+00  -0.60228589256E+01             0.17420809208E+04
 85.30   0.11743027015E+01  -0.59656572447E+01             0.17096764601E+04
 85.40   0.17708684260E+01  -0.58482269745E+01             0.16439364425E+04
 85.50   0.23556911234E+01  -0.56711401319E+01             0.15471857360E+04
 85.60   0.29228051366E+01  -0.54355710196E+01             0.14230430544E+04
 85.70   0.34663622386E+01  -0.51432905059E+01             0.12763018893E+04
 85.80   0.39806912892E+01  -0.47966542821E+01             0.11127619399E+04
 85.90   0.44603567174E+01  -0.43985851532E+01             0.93901680683E+03
 86.00   0.49002152327E+01  -0.39525494814E+01             0.76220558296E+03
 86.10   0.52954701808E+01  -0.34625279582E+01             0.58973757754E+03
 86.20   0.56417229767E+01  -0.29329809401E+01             0.42900067197E+03
 86.30   0.59350210707E+01  -0.23688086424E+01             0.28706467309E+03
 86.40   0.61719019349E+01  -0.17753065353E+01             0.17039145915E+03
 86.50   0.63494325884E+01  -0.11581163419E+01             0.84563677907E+02
 86.60   0.64652442226E+01  -0.52317308301E+00             0.34043249220E+02
 86.70   0.65175615309E+01   0.12335133926E+00             0.21969955005E+02
 86.80   0.65052263970E+01   0.77510749235E+00             0.50008999056E+02
 86.90   0.64277156478E+01   0.14256301320E+01             0.11825463377E+03
 87.00   0.62851526346E+01   0.20684016968E+01             0.22519484534E+03
 87.10   0.60783124649E+01   0.26969169603E+01             0.36773974078E+03
 87.20   0.58086207689E+01   0.33047482068E+01             0.54131377892E+03
 87.30   0.54781459482E+01   0.38856102837E+01             0.74000943013E+03
 87.40   0.50895849198E+01   0.44334248785E+01             0.95679733780E+03
 87.50   0.46462424320E+01   0.49423833705E+01             0.11837856897E+04
 87.60   0.41520040949E+01   0.54070076136E+01             0.14125193877E+04
 87.70   0.36113033336E+01   0.58222080231E+01             0.16343078187E+04
 87.80   0.30290825312E+01   0.61833383565E+01             0.18405686590E+04
 87.90   0.24107486956E+01   0.64862466096E+01             0.20231742464E+04
 88.00   0.17621240346E+01   0.67273214792E+01             0.21747866833E+04
 88.10   0.10893918867E+01   0.69035338826E+01             0.22891680062E+04
 88.20   0.39903849844E+00   0.70124730713E+01             0.23614524831E+04
 88.30  -0.30220880869E+00   0.70523769212E+01             0.23883693569E+04
 88.40  -0.10074465008E+01   0.70221560403E+01             0.23684061095E+04
 88.50  -0.17096621048E+01   0.69214113902E+01             0.23019045013E+04
 88.60  -0.24018032439E+01   0.67504451797E+01             0.21910841856E+04
 88.70  -0.30768477618E+01   0.65102648553E+01             0.20399914944E+04
 88.80  -0.37278742474E+01   0.62025800792E+01             0.18543739458E+04
 88.90  -0.43481322553E+01   0.58297926544E+01             0.16414840116E+04
 89.00  -0.49311115207E+01   0.53949794289E+01             0.14098185923E+04
 89.10  -0.54706094636E+01   0.49018682768E+01             0.11688033552E+04
 89.20  -0.59607962913E+01   0.43548073305E+01             0.92843348365E+03
 89.30  -0.63962770243E+01   0.37587277013E+01             0.69888436934E+03
 89.40  -0.67721497945E+01   0.31190999989E+01             0.49010725267E+03
 89.50  -0.70840597944E+01   0.24418850195E+01             0.31142572515E+03
 89.60  -0.73282482963E+01   0.17334790400E+01             0.17114929048E+03
 89.70  -0.75015962003E+01   0.10006542104E+01             0.76219823694E+02
 89.80  -0.76016616213E+01   0.25049459036E+00             0.31905766564E+02
 89.90  -0.76267110804E+01  -0.50967157178E+00             0.41557281586E+02
 90.00  -0.75757439232E+01  -0.12723426798E+01             0.10643340807E+03
 90.10  -0.74485096552E+01  -0.20299170721E+01             0.22560959866E+03
 90.20  -0.72455179480E+01  -0.27747680377E+01             0.39597095974E+03
 90.30  -0.69680411442E+01  -0.34993198325E+01             0.61229318939E+03
 90.40  -0.66181091610E+01  -0.41961239469E+01             0.86740973008E+03
 90.50  -0.61984967663E+01  -0.48579348630E+01             0.11524601661E+04
 90.60  -0.57127032800E+01  -0.54777845396E+01             0.14572115380E+04
 90.70  -0.51649248260E+01  -0.60490548676E+01             0.17704411555E+04
 90.80  -0.45600193393E+01  -0.65655473502E+01             0.20803667928E+04
 90.90  -0.39034646043E+01  -0.70215492841E+01             0.23751079698E+04
 91.00  -0.32013096758E+01  -0.74118957446E+01             0.26431604452E+04
 91.10  -0.24601201014E+01  -0.77320267122E+01             0.28738651599E+04
 91.20  -0.16869174302E+01  -0.79780387223E+01             0.30578527163E+04
 91.30  -0.88911355795E+00  -0.81467304653E+01             0.31874450750E+04
 91.40  -0.74440511415E-01  -0.82356418211E+01             0.32569975045E+04
 91.50   0.74912367070E+00  -0.82430858722E+01             0.32631658679E+04
 91.60   0.15734322579E+01  -0.81681735052E+01             0.32050870294E+04
 91.70   0.23902496084E+01  -0.80108302794E+01             0.30844633994E+04
 91.80   0.31913326364E+01  -0.77718053185E+01             0.29055463008E+04
 91.90   0.39685131682E+01  -0.74526720549E+01             0.26750167912E+04
 92.00   0.47137803737E+01  -0.70558207381E+01             0.24017666567E+04
 92.10   0.54193624475E+01  -0.65844427007E+01             0.20965863550E+04
 92.20   0.60778067176E+01  -0.60425064560E+01             0.17717705499E+04
 92.30   0.66820573632E+01  -0.54347257842E+01             0.14406553990E+04
 92.40   0.72255299416E+01  -0.47665200479E+01             0.11171047773E+04
 92.50   0.77021819464E+01  -0.40439670537E+01             0.81496501427E+03
 92.60   0.81065786518E+01  -0.32737488591E+01             0.54750937378E+03
 92.70   0.84339535377E+01  -0.24630909939E+01             0.32689435021E+03
 92.80   0.86802626371E+01  -0.16196956401E+01             0.16364981840E+03
 92.90   0.88422322011E+01  -0.75166937642E+00             0.66224164156E+02
 93.00   0.89173991387E+01   0.13255384369E+00             0.40603740141E+02
 93.10   0.89041437544E+01   0.10242937576E+01             0.90023401238E+02
 93.20   0.88017143786E+01   0.19147081330E+01             0.21478155740E+03
 93.30   0.86102435653E+01   0.27948795709E+01             0.41216926131E+03
 93.40   0.83307556082E+01   0.36559039274E+01             0.67651846643E+03
 93.50   0.79651652155E+01   0.44889794882E+01             0.99936991578E+03
 93.60   0.75162672667E+01   0.52854960098E+01             0.13697563335E+04
 93.70   0.69877176657E+01   0.60371227364E+01             0.17745918810E+04
 93.80   0.63840053920E+01   0.67358945030E+01             0.21991543962E+04
 93.90   0.57104159417E+01   0.73742950422E+01             0.26276429434E+04
 94.00   0.49729864375E+01   0.79453366364E+01             0.30437898293E+04
 94.10   0.41784527739E+01   0.84426352801E+01             0.34315036383E+04
 94.20   0.33341892459E+01   0.88604805575E+01             0.37755181254E+04
 94.30   0.24481411901E+01   0.91938994821E+01             0.40620210624E+04
 94.40   0.15287512419E+01   0.94387136011E+01             0.42792374198E+04
 94.50   0.58487988180E+00   0.95915887253E+01             0.44179425789E+04
 94.60  -0.37427899073E+00   0.96500767135E+01             0.44718835896E+04
 94.70  -0.13392866621E+01   0.96126488144E+01             0.44380897317E+04
 94.80  -0.23005515435E+01   0.94787201482E+01             0.43170577025E+04
 94.90  -0.32484235583E+01   0.92486649938E+01             0.41128014840E+04
 95.00  -0.41732900577E+01   0.89238226380E+01             0.38327621699E+04
 95.10  -0.50656723215E+01   0.85064936322E+01             0.34875785547E+04
 95.20  -0.59163216847E+01   0.79999264001E+01             0.30907248831E+04
 95.30  -0.67163143248E+01   0.74082942316E+01             0.26580276198E+04
 95.40  -0.74571437479E+01   0.67366627991E+01             0.22070781811E+04
 95.50  -0.81308100278E+01   0.59909484243E+01             0.17565630902E+04
 95.60  -0.87299048703E+01   0.51778674216E+01             0.13255367554E+04
 95.70  -0.92476916124E+01   0.43048769345E+01             0.93266487962E+03
 95.80  -0.96781793059E+01   0.33801077733E+01             0.59546825075E+03
 95.90  -0.10016190083E+02   0.24122898427E+01             0.32959724443E+03
 96.00  -0.10257419067E+02   0.14106708344E+01             0.14816674855E+03
 96.10  -0.10398486151E+02   0.38492892764E+00             0.61179393929E+02
 96.20  -0.10436979044E+02  -0.65491968745E+00             0.75061994432E+02
 96.30  -0.10371487075E+02  -0.16986175918E+01             0.19233606082E+03
 96.40  -0.10201625316E+02  -0.27357662993E+01             0.41143829562E+03
 96.50  -0.99280486858E+01  -0.37559288309E+01             0.72670128175E+03
 96.60  -0.95524558027E+01  -0.47487336995E+01             0.11284983593E+04
 96.70  -0.90775824328E+01  -0.57039792797E+01             0.16035501809E+04
 96.80  -0.85071845048E+01  -0.66117375230E+01             0.21353839031E+04
 96.90  -0.78460107525E+01  -0.74624559735E+01             0.27049296669E+04
 97.00  -0.70997651552E+01  -0.82470570488E+01             0.32912332100E+04
 97.10  -0.62750594503E+01  -0.89570335643E+01             0.38722583676E+04
 97.20  -0.53793560939E+01  -0.95845395093E+01             0.44257490890E+04
 97.30  -0.44209021429E+01  -0.10122475119E+02             0.49301175993E+04
 97.40  -0.34086546311E+01  -0.10564565333E+02             0.53653236164E+04
 97.50  -0.23521980978E+01  -0.10905430796E+02             0.57137091871E+04
 97.60  -0.12616550182E+01  -0.11140650606E+02             0.59607547729E+04
 97.70  -0.14758995757E+00  -0.11266816108E+02             0.60957246841E+04
 97.80   0.97909165320E+00  -0.11281575103E+02             0.61121737561E+04
 97.90   0.21072491635E+01  -0.11183665938E+02             0.60082921603E+04
 98.00   0.32256157574E+01  -0.10972941022E+02             0.57870712712E+04
 98.10   0.43229098595E+01  -0.10650379446E+02             0.54562803390E+04
 98.20   0.53879478041E+01  -0.10218088460E+02             0.50282511027E+04
 98.30   0.64097566501E+01  -0.96792936797E+01             0.45194751193E+04
 98.40   0.73776860181E+01  -0.90383180146E+01             0.39500261910E+04
 98.50   0.82815178196E+01  -0.83005494128E+01             0.33428275377E+04
 98.60   0.91115727609E+01  -0.74723976309E+01             0.27227899786E+04
 98.70   0.98588125239E+01  -0.65612403548E+01             0.21158530894E+04
 98.80   0.10514936559E+02  -0.55753591024E+01             0.15479658358E+04
 98.90   0.11072472470E+02  -0.45238654465E+01             0.10440463422E+04
 99.00   0.11524859014E+02  -0.34166181995E+01             0.62696208946E+03
 99.10   0.11866520834E+02  -0.22641322981E+01             0.31657184728E+03
 99.20   0.12092934064E+02  -0.10774802146E+01             0.12886899983E+03
 99.30   0.12200682086E+02   0.13181319178E+00             0.75262655612E+02
 99.40   0.12187500766E+02   0.13518814003E+01             0.16202813852E+03
 99.50   0.12052312626E+02   0.25706314770E+01             0.38995229988E+03
 99.60   0.11795249479E+02   0.37758627396E+01             0.75419179048E+03
 99.70   0.11417663205E+02   0.49553876875E+01             0.12443542563E+04
 99.80   0.10922124436E+02   0.60971540079E+01             0.18448036827E+04
 99.90   0.10312409035E+02   0.71893664515E+01             0.25351821486E+04
100.00   0.95934723900E+01   0.82206073550E+01             0.32911314177E+04
