  0.10             0.36573128963E+00             0.35845399470E+00
  0.20             0.35856822624E+00             0.34430248117E+00
  0.30             0.34442115737E+00             0.32380331724E+00
  0.40             0.32379238757E+00             0.29777441956E+00
  0.50             0.29745498775E+00             0.26725434114E+00
  0.60             0.26642724501E+00             0.23346083311E+00
  0.70             0.23193676577E+00             0.19774225644E+00
  0.80             0.19537546379E+00             0.16152378235E+00
  0.90             0.15824705474E+00             0.12625052795E+00
  1.00             0.12210901229E+00             0.93329896084E-01
  1.10             0.88511201854E-01             0.64075419969E-01
  1.20             0.58933586067E-01             0.39654353201E-01
  1.30             0.34725481339E-01             0.21041096345E-01
  1.40             0.17048832419E-01             0.89783183488E-02
  1.50             0.68278604959E-02             0.39473240543E-02
  1.60             0.47072320105E-02             0.61488501340E-02
  1.70             0.11020596890E-01             0.15495055697E-01
  1.80             0.25770966248E-01             0.31613027143E-01
  1.90             0.48623954383E-01             0.53859657409E-01
  2.00             0.78914414628E-01             0.81347305948E-01
  2.10             0.11566647219E+00             0.11297921558E+00
  2.20             0.15762641995E+00             0.14749327312E+00
  2.30             0.20330741657E+00             0.18351236767E+00
  2.40             0.25104443192E+00             0.21959933735E+00
  2.50             0.29905744222E+00             0.25431431207E+00
  2.60             0.34552050691E+00             0.28627216435E+00
  2.70             0.38863407513E+00             0.31419777587E+00
  2.80             0.42669768761E+00             0.33697691474E+00
  2.90             0.45818016625E+00             0.35370069331E+00
  3.00             0.48178442652E+00             0.36370183283E+00
  3.10             0.49650420548E+00             0.36658128782E+00
  3.20             0.50167026820E+00             0.36222416803E+00
  3.30             0.49698402822E+00             0.35080432254E+00
  3.40             0.48253698086E+00             0.33277740318E+00
  3.50             0.45881488492E+00             0.30886268404E+00
  3.60             0.42668621870E+00             0.28001436242E+00
  3.70             0.38737505684E+00             0.24738348633E+00
  3.80             0.34241914286E+00             0.21227202775E+00
  3.90             0.29361454081E+00             0.17608093386E+00
  4.00             0.24294881593E+00             0.14025422932E+00
  4.10             0.19252519316E+00             0.10622139963E+00
  4.20             0.14448055331E+00             0.75340354694E-01
  4.30             0.10090043160E+00             0.48843248215E-01
  4.40             0.63734366564E-01             0.27787314735E-01
  4.50             0.34715001199E-01             0.13012686002E-01
  4.60             0.15284255576E-01             0.51088697014E-02
  4.70             0.65296736560E-02             0.43912281037E-02
  4.80             0.91337012688E-02             0.10888395109E-01
  4.90             0.23338189124E-01             0.24341133753E-01
  5.00             0.48925850316E-01             0.44212679764E-01
  5.10             0.85219756660E-01             0.69710158457E-01
  5.20             0.13110125664E+00             0.99816220432E-01
  5.30             0.18504596672E+00             0.13332963381E+00
  5.40             0.24517675607E+00             0.16891321341E+00
  5.50             0.30933194157E+00             0.20514717440E+00
  5.60             0.37514626419E+00             0.24058578173E+00
  5.70             0.44014165656E+00             0.27381503498E+00
  5.80             0.50182435859E+00             0.30350908693E+00
  5.90             0.55778461469E+00             0.32848314492E+00
  6.00             0.60579500633E+00             0.34774074403E+00
  6.10             0.64390344947E+00             0.36051350606E+00
  6.20             0.67051702063E+00             0.36629179780E+00
  6.30             0.68447306543E+00             0.36484506541E+00
  6.40             0.68509448293E+00             0.35623103352E+00
  6.50             0.67222665054E+00             0.34079340199E+00
  6.60             0.64625413991E+00             0.31914813233E+00
  6.70             0.60809614721E+00             0.29215887079E+00
  6.80             0.55918039332E+00             0.26090248891E+00
  6.90             0.50139610768E+00             0.22662611633E+00
  7.00             0.43702756074E+00             0.19069738031E+00
  7.10             0.36867041945E+00             0.15454983742E+00
  7.20             0.29913393461E+00             0.11962577462E+00
  7.30             0.23133259765E+00             0.87318662017E-01
  7.40             0.16817139967E+00             0.58917553404E-01
  7.50             0.11242916533E+00             0.35555653014E-01
  7.60             0.66644601178E-01             0.18165100673E-01
  7.70             0.33009682381E-01             0.74397794194E-02
  7.80             0.13274800694E-01             0.38076295708E-02
  7.90             0.86697134921E-02             0.74135739064E-02
  8.00             0.19843781491E-01             0.18113735247E-01
  8.10             0.46828279314E-01             0.35481177155E-01
  8.20             0.89022733905E-01             0.58822938699E-01
  8.30             0.14520632159E+00             0.87207683593E-01
  8.40             0.21357437044E+00             0.11950286052E+00
  8.50             0.29179900880E+00             0.15441989191E+00
  8.60             0.37711201338E+00             0.19056558822E+00
  8.70             0.46640698076E+00             0.22649773616E+00
  8.80             0.55635711383E+00             0.26078264303E+00
  8.90             0.64354421366E+00             0.29205234105E+00
  9.00             0.72459392946E+00             0.31905916927E+00
  9.10             0.79631196900E+00             0.34072555524E+00
  9.20             0.85581582661E+00             0.35618701016E+00
  9.30             0.90065665649E+00             0.36482662197E+00
  9.40             0.92892620610E+00             0.36629967018E+00
  9.50             0.93934422129E+00             0.36054738014E+00
  9.60             0.93132242568E+00             0.34779926825E+00
  9.70             0.90500203799E+00             0.32856398415E+00
  9.80             0.86126279081E+00             0.30360901569E+00
  9.90             0.80170251650E+00             0.27393006611E+00
 10.00             0.72858752711E+00             0.24071132550E+00
 10.10             0.64477519112E+00             0.20527822160E+00
 10.20             0.55361125277E+00             0.16904453526E+00
 10.30             0.45880550390E+00             0.13345599057E+00
 10.40             0.36429035861E+00             0.99932570465E-01
 10.50             0.27406765834E+00             0.69811859398E-01
 10.60             0.19204961396E+00             0.44295673746E-01
 10.70             0.12190014507E+00             0.24402109315E-01
 10.80             0.66882987031E-01             0.10924919327E-01
 10.90             0.29722792433E-01             0.44018436615E-02
 11.00             0.12485058205E-01             0.50931530380E-02
 11.10             0.16480071586E-01             0.12971264212E-01
 11.20             0.42195209536E-01             0.27721840548E-01
 11.30             0.89258876283E-01             0.48756334051E-01
 11.40             0.15643816104E+00             0.75235468429E-01
 11.50             0.24167098761E+00             0.10610272622E+00
 11.60             0.34213215992E+00             0.14012650384E+00
 11.70             0.45433133644E+00             0.17594925256E+00
 11.80             0.57423964640E+00             0.21214164471E+00
 11.90             0.69744044634E+00             0.24725960383E+00
 12.00             0.81929865665E+00             0.27990192337E+00
 12.10             0.93514226140E+00             0.30876617477E+00
 12.20             0.10404489377E+01             0.33270067440E+00
 12.30             0.11310304337E+01             0.35075043573E+00
 12.40             0.12032072570E+01             0.36219527327E+00
 12.50             0.12539664725E+01             0.36657853802E+00
 12.60             0.12810959443E+01             0.36372533770E+00
 12.70             0.12832891633E+01             0.35374951501E+00
 12.80             0.12602158666E+01             0.33704910528E+00
 12.90             0.12125549294E+01             0.31429045485E+00
 13.00             0.11419874516E+01             0.28638163387E+00
 13.10             0.10511495165E+01             0.25443620431E+00
 13.20             0.94354570571E+00             0.21972878880E+00
 13.30             0.82342604847E+00             0.18364421322E+00
 13.40             0.69563060627E+00             0.14762225214E+00
 13.50             0.56540727310E+00             0.11310018180E+00
 13.60             0.43820955987E+00             0.81455432813E-01
 13.70             0.31948206924E+00             0.53950630659E-01
 13.80             0.21444201606E+00             0.31683216946E-01
 13.90             0.12786547487E+00             0.15541661481E-01
 14.00             0.63887020979E-01             0.61700123261E-02
 14.10             0.25821068754E-01             0.39421982839E-02
 14.20             0.16012507546E-01             0.89471091342E-02
 14.30             0.35723213634E-01             0.20985048934E-01
 14.40             0.85059710184E-01             0.39575703885E-01
 14.50             0.16294570314E+00             0.63977306856E-01
 14.60             0.26714149632E+00             0.93216233887E-01
 14.70             0.39431044956E+00             0.12612585179E+00
 14.80             0.54013076034E+00             0.16139306681E+00
 14.90             0.69944899758E+00             0.19761071707E+00
 15.00             0.86647007011E+00             0.23333371832E+00
 15.10             0.10349767444E+01             0.26713672282E+00
 15.20             0.11985705025E+01             0.29767099067E+00
 15.30             0.13509245120E+01             0.32371820461E+00
 15.40             0.14860388050E+01             0.34423908078E+00
 15.50             0.15984874805E+01             0.35841483624E+00
 15.60             0.16836478550E+01             0.36567985833E+00
 15.70             0.17379020111E+01             0.36574427268E+00
 15.80             0.17588021053E+01             0.35860550916E+00
 15.90             0.17451920804E+01             0.34454840442E+00
 16.00             0.16972800224E+01             0.32413383695E+00
 16.10             0.16166572713E+01             0.29817634799E+00
 16.20             0.15062624472E+01             0.26771164135E+00
 16.30             0.13702907279E+01             0.23395525882E+00
 16.40             0.12140509153E+01             0.19825408007E+00
 16.50             0.10437749733E+01             0.16203258213E+00
 16.60             0.86638671821E+00             0.12673600277E+00
 16.70             0.68923811769E+00             0.93772675500E-01
 16.80             0.51982312035E+00             0.64457837082E-01
 16.90             0.36548004038E+00             0.39961149568E-01
 17.00             0.23309420148E+00             0.21260030790E-01
 17.10             0.12881276922E+00             0.91006553882E-02
 17.20             0.57783451991E-01             0.39681824400E-02
 17.30             0.23928028563E-01             0.60673976166E-02
 17.40             0.29760483678E-01             0.15314542232E-01
 17.50             0.76257941110E-01             0.31340655217E-01
 17.60             0.16279063102E+00             0.53506294662E-01
 17.70             0.28711488647E+00             0.80927051555E-01
 17.80             0.44543071693E+00             0.11250883769E+00
 17.90             0.63250294790E+00             0.14699153981E+00
 18.00             0.84184234680E+00             0.18299929810E+00
 18.10             0.10659406776E+01             0.21909540299E+00
 18.20             0.12965513428E+01             0.25383961991E+00
 18.30             0.15250052743E+01             0.28584565460E+00
 18.40             0.17425501161E+01             0.31383646628E+00
 18.50             0.19406995644E+01             0.33669522155E+00
 18.60             0.21115790611E+01             0.35350985609E+00
 18.70             0.22482539052E+01             0.36360946597E+00
 18.80             0.23450262718E+01             0.36659107677E+00
 18.90             0.23976886028E+01             0.36233572221E+00
 19.00             0.24037223308E+01             0.35101319093E+00
 19.10             0.23624328704E+01             0.33307525194E+00
 19.20             0.22750141808E+01             0.30923762900E+00
 19.30             0.21445388965E+01             0.28045144327E+00
 19.40             0.19758729247E+01             0.24786526356E+00
 19.50             0.17755164169E+01             0.21277927843E+00
 19.60             0.15513760107E+01             0.17659341870E+00
 19.70             0.13124760948E+01             0.14075150017E+00
 19.80             0.10686194487E+01             0.10668361538E+00
 19.90             0.83000984797E+00             0.75749072949E-01
 20.00             0.60685100538E+00             0.49182161106E-01
 20.10             0.40893745278E+00             0.28042899640E-01
 20.20             0.24525360902E+00             0.13174745082E-01
 20.30             0.12359727502E+00             0.51709367993E-02
 20.40             0.50243144979E-01             0.43508267423E-02
 20.50             0.29660631267E-01             0.10747137302E-01
 20.60             0.64298410021E-01             0.24104655688E-01
 20.70             0.15444566812E+00             0.43890416916E-01
 20.80             0.29817715730E+00             0.69314969112E-01
 20.90             0.49138594332E+00             0.99363872646E-01
 21.00             0.72790429951E+00             0.13283817626E+00
 21.10             0.99970966864E+00             0.16840225525E+00
 21.20             0.12972091439E+01             0.20463710286E+00
 21.30             0.16095926397E+01             0.24009694867E+00
 21.40             0.19252419703E+01             0.27336694483E+00
 21.50             0.22321805568E+01             0.30311961850E+00
 21.60             0.25185465449E+01             0.32816783799E+00
 21.70             0.27730708330E+01             0.34751217935E+00
 21.80             0.29855409397E+01             0.36038080336E+00
 21.90             0.31472318248E+01             0.36626025192E+00
 22.00             0.32512857247E+01             0.36491593503E+00
 22.10             0.32930247448E+01             0.35640149094E+00
 22.20             0.32701823233E+01             0.34105664596E+00
 22.30             0.31830426533E+01             0.31949365941E+00
 22.40             0.30344806227E+01             0.29257289446E+00
 22.50             0.28298986713E+01             0.26136848962E+00
 22.60             0.25770610232E+01             0.22712550065E+00
 22.70             0.22858298821E+01             0.19121022281E+00
 22.80             0.19678121943E+01             0.15505567568E+00
 22.90             0.16359293495E+01             0.12010442570E+00
 23.00             0.13039255225E+01             0.87751027731E-01
 23.10             0.98583314162E+00             0.59286382364E-01
 23.20             0.69541605259E+00             0.35846228944E-01
 23.30             0.44561226265E+00             0.18365829594E-01
 23.40             0.24799859977E+00             0.75426522467E-02
 23.50             0.11229919572E+00             0.38085416790E-02
 23.60             0.45958383587E-01             0.73124889024E-02
 23.70             0.53796431111E-01             0.17914686423E-01
 23.80             0.13776358008E+00             0.35192106558E-01
 23.90             0.29680423068E+00             0.58455380247E-01
 24.00             0.52683893104E+00             0.86776302867E-01
 24.10             0.82086726189E+00             0.11902486961E+00
 24.20             0.11691899209E+01             0.15391436265E+00
 24.30             0.15597434967E+01             0.19005269123E+00
 24.40             0.19785367740E+01             0.22599793604E+00
 24.50             0.24101731130E+01             0.26031588180E+00
 24.60             0.28384396887E+01             0.29163724248E+00
 24.70             0.32469413019E+01             0.31871229579E+00
 24.80             0.36197542454E+01             0.34046074710E+00
 24.90             0.39420744058E+01             0.35601483321E+00
 25.00             0.42008334978E+01             0.36475394607E+00
 25.10             0.43852580794E+01             0.36632939510E+00
 25.20             0.44873477795E+01             0.36067831986E+00
 25.30             0.45022519405E+01             0.34802619826E+00
 25.40             0.44285275273E+01             0.32887784996E+00
 25.50             0.42682655759E+01             0.30399729404E+00
 25.60             0.40270784690E+01             0.27437726470E+00
 25.70             0.37139457494E+01             0.24119960110E+00
 25.80             0.33409218133E+01             0.20578809202E+00
 25.90             0.29227144269E+01             0.16955565668E+00
 26.00             0.24761483720E+01             0.13394796923E+00
 26.10             0.20195334196E+01             0.10038577642E+00
 26.20             0.15719600528E+01             0.70208209733E-01
 26.30             0.11525497278E+01             0.44619354081E-01
 26.40             0.77968882447E+00             0.24640204805E-01
 26.50             0.47027667649E+00             0.11067929962E-01
 26.60             0.23901811881E+00             0.44440633174E-02
 26.70             0.97789815456E-01             0.50328971503E-02
 26.80             0.55107261278E-01             0.12810936991E-01
 26.90             0.11571585435E+00             0.27467839050E-01
 27.00             0.28032493084E+00             0.48418792934E-01
 27.10             0.54549830105E+00             0.74827855585E-01
 27.20             0.90370882195E+00             0.10564130540E+00
 27.30             0.13435581149E+01             0.13962968574E+00
 27.40             0.18501559371E+01             0.17543686022E+00
 27.50             0.24056472038E+01             0.21163412258E+00
 27.60             0.29898684943E+01             0.24677720205E+00
 27.70             0.35811103192E+01             0.27946388976E+00
 27.80             0.41569567084E+01             0.30838998688E+00
 27.90             0.46951700045E+01             0.33240134213E+00
 28.00             0.51745862928E+01             0.35053990243E+00
 28.10             0.55759857726E+01             0.36208193922E+00
 28.20             0.58829026652E+01             0.36656692525E+00
 28.30             0.60823409663E+01             0.36381590956E+00
 28.40             0.61653654481E+01             0.35393865768E+00
 28.50             0.61275417045E+01             0.33732927197E+00
 28.60             0.59692045598E+01             0.31465046691E+00
 28.70             0.56955406268E+01             0.28680712682E+00
 28.80             0.53164779698E+01             0.25491020098E+00
 28.90             0.48463834179E+01             0.22023237672E+00
 29.00             0.43035758018E+01             0.18415729924E+00
 29.10             0.37096709326E+01             0.14812436412E+00
 29.20             0.30887812063E+01             0.11357128547E+00
 29.30             0.24665990097E+01             0.81876731141E-01
 29.40             0.18693983457E+01             0.54305313842E-01
 29.50             0.13229930698E+01             0.31957133124E-01
 29.60             0.85169264085E+00             0.15723881399E-01
 29.70             0.47729720961E+00             0.62532654103E-02
 29.80             0.21817313344E+00             0.39231627356E-02
 29.90             0.88447605254E-01             0.88265444717E-02
 30.00             0.97357086385E-01             0.20767765687E-01
 30.10             0.24877876274E+00             0.39270371656E-01
 30.20             0.54096749157E+00             0.63596108400E-01
 30.30             0.96651291764E+00             0.92774379023E-01
 30.40             0.15125229040E+01             0.12564097053E+00
 30.50             0.21610304705E+01             0.16088450591E+00
 30.60             0.28896124145E+01             0.19709876811E+00
 30.70             0.36721990622E+01             0.23283880807E+00
 30.80             0.44800465200E+01             0.26667859819E+00
 30.90             0.52828357072E+01             0.29726793085E+00
 31.00             0.60498566448E+01             0.32338629167E+00
 31.10             0.67512322254E+01             0.34399155805E+00
 31.20             0.73591331842E+01             0.35826157988E+00
 31.30             0.78489353744E+01             0.36562698327E+00
 31.40             0.82002717793E+01             0.36579388863E+00
 31.50             0.83979349621E+01             0.35875563644E+00
 31.60             0.84325907553E+01             0.34479305296E+00
 31.70             0.83012707808E+01             0.32446324527E+00
 31.80             0.80076196022E+01             0.29857737270E+00
 31.90             0.75618816674E+01             0.26816828156E+00
 32.00             0.69806233354E+01             0.23444929459E+00
 32.10             0.62861958094E+01             0.19876579938E+00
 32.20             0.55059553032E+01             0.16254156737E+00
 32.30             0.46712668349E+01             0.12722194542E+00
 32.40             0.38163272450E+01             0.94216186461E-01
 32.50             0.29768510024E+01             0.64841220263E-01
 32.60             0.21886687414E+01             0.40269107981E-01
 32.70             0.14862929716E+01             0.21480276895E-01
 32.80             0.90150781735E+00             0.92244013640E-02
 32.90             0.46203982199E+00             0.39904908230E-02
 33.00             0.19036474504E+00             0.59873783021E-02
 33.10             0.10270093497E+00             0.15135387991E-01
 33.20             0.20823339265E+00             0.31069514303E-01
 33.30             0.50860427768E+00             0.53153985599E-01
 33.40             0.99769564381E+00             0.80507631473E-01
 33.50             0.16617189895E+01             0.11203904145E+00
 33.60             0.24796141998E+01             0.14649011229E+00
 33.70             0.34237481004E+01             0.18248624624E+00
 33.80             0.44608906350E+01             0.21859119758E+00
 33.90             0.55534350998E+01             0.25336437873E+00
 34.00             0.66608184114E+01             0.28541833978E+00
 34.10             0.77410884743E+01             0.31347412768E+00
 34.20             0.87525587543E+01             0.33641231648E+00
 34.30             0.96554854620E+01             0.35331767246E+00
 34.40             0.10413700545E+02             0.36351567192E+00
 34.50             0.10996134121E+02             0.36659941466E+00
 34.60             0.11378163072E+02             0.36244585937E+00
 34.70             0.11542728239E+02             0.35122073289E+00
 34.80             0.11481170754E+02             0.33337191778E+00
 34.90             0.11193748337E+02             0.30961158175E+00
 35.00             0.10689804415E+02             0.28088776221E+00
 35.10             0.99875763066E+01             0.24834653956E+00
 35.20             0.91136429099E+01             0.21328630859E+00
 35.30             0.81020267906E+01             0.17710597251E+00
 35.40             0.69929797364E+01             0.14124912673E+00
 35.50             0.58314941108E+01             0.10714645940E+00
 35.60             0.46655941897E+01             0.76158666940E-01
 35.70             0.35444715773E+01             0.49522162275E-01
 35.80             0.25165363365E+01             0.28299741940E-01
 35.90             0.16274602891E+01             0.13338180505E-01
 36.00             0.91829079249E+00             0.52344442720E-02
 36.10             0.42371204641E+00             0.43118723168E-02
 36.20             0.17052661786E+00             0.10607275260E-01
 36.30             0.17642250027E+00             0.23869466525E-01
 36.40             0.44908088764E+00             0.43569284679E-01
 36.50             0.98566729039E+00             0.68920706978E-01
 36.60             0.17727341041E+01             0.98912211673E-01
 36.70             0.27865468087E+01             0.13234713773E+00
 36.80             0.39938292320E+01             0.16789143159E+00
 36.90             0.53529064162E+01             0.20412687593E+00
 37.00             0.68152072503E+01             0.23960767653E+00
 37.10             0.83270738436E+01             0.27291814944E+00
 37.20             0.98318112509E+01             0.30272920680E+00
 37.30             0.11271900185E+02             0.32785138740E+00
 37.40             0.12591287265E+02             0.34728231625E+00
 37.50             0.13737662516E+02             0.36024669929E+00
 37.60             0.14664632545E+02             0.36622725763E+00
 37.70             0.15333700138E+02             0.36498536699E+00
 37.80             0.15715967018E+02             0.35657057882E+00
 37.90             0.15793485911E+02             0.34131864315E+00
 38.00             0.15560200664E+02             0.31983811223E+00
 38.10             0.15022428417E+02             0.29298605923E+00
 38.20             0.14198855309E+02             0.26183388107E+00
 38.30             0.13120036102E+02             0.22762454967E+00
 38.40             0.11827407817E+02             0.19172301733E+00
 38.50             0.10371847172E+02             0.15556175521E+00
 38.60             0.88118204952E+01             0.12058359766E+00
 38.70             0.72111921060E+01             0.88184173163E-01
 38.80             0.56367721969E+01             0.59656218764E-01
 38.90             0.41556972958E+01             0.36137999841E-01
 39.00             0.28327449951E+01             0.18567893328E-01
 39.10             0.17276893029E+01             0.76469464748E-02
 39.20             0.89280348467E+00             0.38109050616E-02
 39.30             0.37061349446E+00             0.72128271405E-02
 39.40             0.19199712155E+00             0.17716976021E-01
 39.50             0.37471202457E+00             0.34904236161E-01
 39.60             0.92242030006E+00             0.58088835883E-01
 39.70             0.18242586805E+01             0.86345709658E-01
 39.80             0.30549825642E+01             0.11854740822E+00
 39.90             0.45756896352E+01             0.15340908380E+00
 40.00             0.63351057065E+01             0.18953975554E+00
 40.10             0.82713925240E+01             0.22549780964E+00
 40.20             0.10314415530E+02             0.25984851973E+00
 40.30             0.12388389897E+02             0.29122129250E+00
 40.40             0.14414806321E+02             0.31836435429E+00
 40.50             0.16315524886E+02             0.34019469696E+00
 40.60             0.18015916298E+02             0.35584128982E+00
 40.70             0.19447925496E+02             0.36467983382E+00
 40.80             0.20552933210E+02             0.36635767105E+00
 40.90             0.21284296670E+02             0.36080785582E+00
 41.00             0.21609461130E+02             0.34825182574E+00
 41.10             0.21511548903E+02             0.32919056642E+00
 41.20             0.20990351698E+02             0.30438462210E+00
 41.30             0.20062674455E+02             0.27482374996E+00
 41.40             0.18762003876E+02             0.24168742881E+00
 41.50             0.17137501345E+02             0.20629779785E+00
 41.60             0.15252347072E+02             0.17006690336E+00
 41.70             0.13181488788E+02             0.13444035803E+00
 41.80             0.11008873327E+02             0.10083966101E+00
 41.90             0.88242616980E+01             0.70605480131E-01
 42.00             0.67197469955E+01             0.44944159196E-01
 42.10             0.47861088129E+01             0.24879584912E-01
 42.20             0.31091470506E+01             0.11212333795E-01
 42.30             0.17661417264E+01             0.44877291633E-02
 42.40             0.82258327997E+00             0.49740827419E-02
 42.50             0.32930992280E+00             0.12651989023E-01
 42.60             0.32017500891E+00             0.27215099547E-01
 42.70             0.81034861669E+00             0.48082346202E-01
 42.80             0.17953341973E+01             0.74421125848E-01
 42.90             0.32507540942E+01             0.10518052118E+00
 43.00             0.51329279894E+01             0.13913323231E+00
 43.10             0.73802370180E+01             0.17492454609E+00
 43.20             0.99152346426E+01             0.21112638907E+00
 43.30             0.12647434651E+02             0.24629430774E+00
 43.40             0.15476678090E+02             0.27902510213E+00
 43.50             0.18296955753E+02             0.30801281356E+00
 43.60             0.21000542106E+02             0.33210083232E+00
 43.70             0.23482281132E+02             0.35032804648E+00
 43.80             0.25643855287E+02             0.36196719019E+00
 43.90             0.27397866051E+02             0.36655386161E+00
 44.00             0.28671558643E+02             0.36390505256E+00
 44.10             0.29410034402E+02             0.35412645052E+00
 44.20             0.29578811706E+02             0.33760822170E+00
 44.30             0.29165619651E+02             0.31500944345E+00
 44.40             0.28181337140E+02             0.28723180700E+00
 44.50             0.26660022546E+02             0.25538364006E+00
 44.60             0.24658014473E+02             0.22073568448E+00
 44.70             0.22252121025E+02             0.18467039370E+00
 44.80             0.19536951848E+02             0.14862677281E+00
 44.90             0.16621482711E+02             0.11404296229E+00
 45.00             0.13624974964E+02             0.82298856183E-01
 45.10             0.10672400530E+02             0.54661044315E-01
 45.20             0.78895459482E+01             0.32232275383E-01
 45.30             0.53979853563E+01             0.15907457267E-01
 45.40             0.33101213444E+01             0.63379502106E-02
 45.50             0.17244939223E+01             0.39055775446E-02
 45.60             0.72155109013E+00             0.87073909386E-02
 45.70             0.36005989495E+00             0.20551798038E-01
 45.80             0.67431476141E+00             0.38966207000E-01
 45.90             0.16722710696E+01             0.63215882907E-01
 46.00             0.33346974198E+01             0.92333263689E-01
 46.10             0.56154010553E+01             0.12515656585E+00
 46.20             0.84425389725E+01             0.16037613965E+00
 46.30             0.11720983967E+02             0.19658672407E+00
 46.40             0.15335671942E+02             0.23234351681E+00
 46.50             0.19155815969E+02             0.26621982183E+00
 46.60             0.23039835552E+02             0.29686397456E+00
 46.70             0.26840817794E+02             0.32305327332E+00
 46.80             0.30412302170E+02             0.34374276507E+00
 46.90             0.33614163439E+02             0.35810693910E+00
 47.00             0.36318358776E+02             0.36557266486E+00
 47.10             0.38414305906E+02             0.36584205990E+00
 47.20             0.39813669199E+02             0.35890437535E+00
 47.30             0.40454349864E+02             0.34503642484E+00
 47.40             0.40303504268E+02             0.32479153957E+00
 47.50             0.39359449798E+02             0.29897749048E+00
 47.60             0.37652359474E+02             0.26862425812E+00
 47.70             0.35243693135E+02             0.23494293647E+00
 47.80             0.32224362584E+02             0.19927741026E+00
 47.90             0.28711678845E+02             0.16305073398E+00
 48.00             0.24845179462E+02             0.12770835202E+00
 48.10             0.20781480640E+02             0.94660425418E-01
 48.20             0.16688341083E+02             0.65225566446E-01
 48.30             0.12738159698E+02             0.40578225977E-01
 48.40             0.91011565455E+01             0.21701832896E-01
 48.50             0.59385041053E+01             0.93495552863E-02
 48.60             0.33956832979E+01             0.40142490247E-02
 48.70             0.15963352032E+01             0.59087928310E-02
 48.80             0.63686498445E+00             0.14957594407E-01
 48.90             0.58202952081E+00             0.30799606571E-01
 49.00             0.14617054569E+01             0.52802733036E-01
 49.10             0.32689909966E+01             0.80089049058E-01
 49.20             0.59597443678E+01             0.11156983063E+00
 49.30             0.94536063431E+01             0.14598899456E+00
 49.40             0.13636495642E+02             0.18197321621E+00
 49.50             0.18364506757E+02             0.21808672514E+00
 49.60             0.23469082082E+02             0.25288859233E+00
 49.70             0.28763276566E+02             0.28499022330E+00
 49.80             0.34048885630E+02             0.31311076297E+00
 49.90             0.39124167870E+02             0.33612820179E+00
 50.00             0.43791864826E+02             0.35312414397E+00
 50.10             0.47867202193E+02             0.36342045141E+00
 50.20             0.51185551250E+02             0.36660630144E+00
 50.30             0.53609436456E+02             0.36255457865E+00
 50.40             0.55034595071E+02             0.35142694677E+00
 50.50             0.55394826747E+02             0.33366739832E+00
 50.60             0.54665414309E+02             0.30998453928E+00
 50.70             0.52864949826E+02             0.28132331573E+00
 50.80             0.50055460701E+02             0.24882731048E+00
 50.90             0.46340796544E+02             0.21379311416E+00
 51.00             0.41863306567E+02             0.17761859118E+00
 51.10             0.36798906367E+02             0.14174710501E+00
 51.20             0.31350699556E+02             0.10760992796E+00
 51.30             0.25741380954E+02             0.76569133390E-01
 51.40             0.20204701493E+02             0.49863249000E-01
 51.50             0.14976318223E+02             0.28557839579E-01
 51.60             0.10284383987E+02             0.13502990963E-01
 51.70             0.63402488719E+01             0.52993916117E-02
 51.80             0.33296485668E+01             0.42743651389E-02
 51.90             0.14047427525E+01             0.10468810101E-01
 52.00             0.67733987588E+00             0.23635568144E-01
 52.10             0.12136038387E+01             0.43249285623E-01
 52.20             0.30304846493E+01             0.68527375209E-01
 52.30             0.60940508201E+01             0.98461241128E-01
 52.40             0.10319828609E+02             0.13185652213E+00
 52.50             0.15575174833E+02             0.16738074650E+00
 52.60             0.21683628988E+02             0.20361649769E+00
 52.70             0.28431109934E+02             0.23911796923E+00
 52.80             0.35573745724E+02             0.27246865240E+00
 52.90             0.42847055458E+02             0.30233785494E+00
 53.00             0.49976142103E+02             0.32753379568E+00
 53.10             0.56686507902E+02             0.34705115657E+00
 53.20             0.62715071177E+02             0.36011119492E+00
 53.30             0.67820946790E+02             0.36619281519E+00
 53.40             0.71795553233E+02             0.36505336074E+00
 53.50             0.74471627505E+02             0.35673829581E+00
 53.60             0.75730764329E+02             0.34157939147E+00
 53.70             0.75509147734E+02             0.32018148802E+00
 53.80             0.73801208816E+02             0.29339836180E+00
 53.90             0.70661021339E+02             0.26229865955E+00
 54.00             0.66201333718E+02             0.22812325938E+00
 54.10             0.60590228720E+02             0.19223575978E+00
 54.20             0.54045497125E+02             0.15606807196E+00
 54.30             0.46826905022E+02             0.12106328667E+00
 54.40             0.39226622490E+02             0.88618094849E-01
 54.50             0.31558160501E+02             0.60027059647E-01
 54.60             0.24144229712E+02             0.36430963370E-01
 54.70             0.17303986320E+02             0.18771290258E-01
 54.80             0.11340164113E+02             0.77526612692E-02
 54.90             0.65266064249E+01             0.38147196996E-02
 55.00             0.30967060159E+01             0.71145894180E-02
 55.10             0.12332346707E+01             0.17520605623E-01
 55.20             0.10599982941E+01             0.34617568267E-01
 55.30             0.26356888223E+01             0.57723308542E-01
 55.40             0.59502236447E+01             0.85915907409E-01
 55.50             0.10923769326E+02             0.11807048018E+00
 55.60             0.17408542728E+02             0.15290405939E+00
 55.70             0.25193373142E+02             0.18902678523E+00
 55.80             0.34010897971E+02             0.22499736095E+00
 55.90             0.43547156361E+02             0.25938056057E+00
 56.00             0.53453244280E+02             0.29080449443E+00
 56.10             0.63358605093E+02             0.31801534756E+00
 56.20             0.72885455571E+02             0.33992740694E+00
 56.30             0.81663791674E+02             0.35566638137E+00
 56.40             0.89346384012E+02             0.36460428580E+00
 56.50             0.95623161478E+02             0.36638449782E+00
 56.60             0.10023439397E+03             0.36093598699E+00
 56.70             0.10298212141E+03             0.34847614888E+00
 56.80             0.10373933557E+03             0.32950213103E+00
 56.90             0.10245650125E+03             0.30477099676E+00
 57.00             0.99165101904E+02             0.27526951833E+00
 57.10             0.93978007762E+02             0.24217480471E+00
 57.20             0.87086587657E+02             0.20680733499E+00
 57.30             0.78754615111E+02             0.17057827121E+00
 57.40             0.69309148491E+02             0.13493315301E+00
 57.50             0.59128690166E+02             0.10129422061E+00
 57.60             0.48629044770E+02             0.71003667416E-01
 57.70             0.38247397431E+02             0.45270086492E-01
 57.80             0.28425214623E+02             0.25120247721E-01
 57.90             0.19590629677E+02             0.11358129671E-01
 58.00             0.12141008914E+02             0.45328408499E-02
 58.10             0.64264011448E+01             0.49167102834E-02
 58.20             0.27345519484E+01             0.12494421581E-01
 58.30             0.12781151344E+01             0.26963624061E-01
 58.40             0.21846183485E+01             0.47746996545E-01
 58.50             0.54896405748E+01             0.74015282471E-01
 58.60             0.11133539669E+02             0.10472037723E+00
 58.70             0.18961932508E+02             0.13863714754E+00
 58.80             0.28729983925E+02             0.17441231427E+00
 58.90             0.40110409011E+02             0.21061844827E+00
 59.00             0.52704942512E+02             0.24581092478E+00
 59.10             0.66058885107E+02             0.27858556399E+00
 59.20             0.79678205091E+02             0.30763465781E+00
 59.30             0.93048561064E+02             0.33179914739E+00
 59.40             0.10565552141E+03             0.35011486959E+00
 59.50             0.11700519385E+03             0.36185102709E+00
 59.60             0.12664444600E+03             0.36653934722E+00
 59.70             0.13417989801E+03             0.36399276600E+00
 59.80             0.13929490081E+03             0.35431289202E+00
 59.90             0.14176377877E+03             0.33788595225E+00
 60.00             0.14146271066E+03             0.31536738159E+00
 60.10             0.13837674498E+03             0.28765567101E+00
 60.20             0.13260259058E+03             0.25585651776E+00
 60.30             0.12434698595E+03             0.22123870806E+00
 60.40             0.11392062340E+03             0.18518349251E+00
 60.50             0.10172778279E+03             0.14912947421E+00
 60.60             0.88252003910E+02             0.11451520849E+00
 60.70             0.74038292642E+02             0.82721804561E-01
 60.80             0.59672504734E+02             0.55017819233E-01
 60.90             0.45758677084E+02             0.32508641521E-01
 61.00             0.32895174383E+02             0.16092387616E-01
 61.10             0.21650583778E+02             0.64240660495E-02
 61.20             0.12540319137E+02             0.38894428517E-02
 61.30             0.60048873297E+01             0.85896494881E-02
 61.40             0.23907214708E+01             0.20337147714E-01
 61.50             0.19344012982E+01             0.38663212350E-01
 61.60             0.47509615324E+01             0.62836633417E-01
 61.70             0.10826839224E+02             0.91892891415E-01
 61.80             0.20017836139E+02             0.12467264165E+00
 61.90             0.32052278702E+02             0.15986797209E+00
 62.00             0.46539353241E+02             0.19607458904E+00
 62.10             0.62982386332E+02             0.23184784850E+00
 62.20             0.80796637077E+02             0.26576039740E+00
 62.30             0.99330978561E+02             0.29645912505E+00
 62.40             0.11789267721E+03             0.32271915222E+00
 62.50             0.13577433868E+03             0.34349270382E+00
 62.60             0.15228198328E+03             0.35795091514E+00
 62.70             0.16676314786E+03             0.36551690355E+00
 62.80             0.17863388770E+03             0.36588878611E+00
 62.90             0.18740357367E+03             0.35905172471E+00
 63.00             0.19269644580E+03             0.34527851810E+00
 63.10             0.19426899395E+03             0.32511871722E+00
 63.20             0.19202238460E+03             0.29937669812E+00
 63.30             0.18600933592E+03             0.26907956738E+00
 63.40             0.17643505389E+03             0.23543618050E+00
 63.50             0.16365207246E+03             0.19978890862E+00
 63.60             0.14814908222E+03             0.16356007790E+00
 63.70             0.13053407467E+03             0.12819521867E+00
 63.80             0.11151236378E+03             0.95105388816E-01
 63.90             0.91860263168E+02             0.65610872555E-01
 64.00             0.72395387155E+02             0.40888501083E-01
 64.10             0.53944698769E+02             0.21924697022E-01
 64.20             0.37311540652E+02             0.94761161538E-02
 64.30             0.23242950519E+02             0.40394568550E-02
 64.40             0.12398577522E+02             0.58316418317E-02
 64.50             0.53224781648E+01             0.14781162903E-01
 64.60             0.24189806164E+01             0.30530934179E-01
 64.70             0.39336670526E+01             0.52452539785E-01
 64.80             0.99403394996E+01             0.79671307658E-01
 64.90             0.20334612120E+02             0.11110120896E+00
 65.00             0.34834520081E+02             0.14548819063E+00
 65.10             0.52988261628E+02             0.18146021209E+00
 65.20             0.74188906278E+02             0.21758198970E+00
 65.30             0.97695619354E+02             0.25241226452E+00
 65.40             0.12266068274E+03             0.28456130859E+00
 65.50             0.14816134484E+03             0.31274637506E+00
 65.60             0.17323531958E+03             0.33584287976E+00
 65.70             0.19691858434E+03             0.35292927216E+00
 65.80             0.21828400733E+03             0.36332380521E+00
 65.90             0.23647927208E+03             0.36661173704E+00
 66.00             0.25076256413E+03             0.36266187916E+00
 66.10             0.26053454405E+03             0.35163183090E+00
 66.20             0.26536524977E+03             0.33396169120E+00
 66.30             0.26501474784E+03             0.31035649862E+00
 66.40             0.25944657953E+03             0.28175810036E+00
 66.50             0.24883331800E+03             0.24930757249E+00
 66.60             0.23355385499E+03             0.21429969108E+00
 66.70             0.21418235975E+03             0.17813127060E+00
 66.80             0.19146918533E+03             0.14224543103E+00
 66.90             0.16631432627E+03             0.10807401737E+00
 67.00             0.13973434222E+03             0.76980469016E-01
 67.10             0.11282394243E+03             0.50205418553E-01
 67.20             0.86713664479E+02             0.28817190494E-01
 67.30             0.62525265566E+02             0.13669175138E-01
 67.40             0.41326569393E+02             0.53657782985E-02
 67.50             0.24087568228E+02             0.42383055087E-02
 67.60             0.11639565731E+02             0.10331742933E-01
 67.70             0.46390600157E+01             0.23402962418E-01
 67.80             0.35379105283E+01             0.42930422307E-01
 67.90             0.85611113507E+01             0.68134976950E-01
 68.00             0.19693215107E+02             0.98010964617E-01
 68.10             0.36674125758E+02             0.13136633340E+00
 68.20             0.59004617300E+02             0.16687020408E+00
 68.30             0.85961552569E+02             0.20310597223E+00
 68.40             0.11662238684E+03             0.23862783068E+00
 68.50             0.14989816025E+03             0.27201845730E+00
 68.60             0.18457382672E+03             0.30194556608E+00
 68.70             0.21935444952E+03             0.32721506537E+00
 68.80             0.25291552916E+03             0.34681870216E+00
 68.90             0.28395552834E+03             0.35997429133E+00
 69.00             0.31124853190E+03             0.36615692489E+00
 69.10             0.33369493297E+03             0.36511991574E+00
 69.20             0.35036807290E+03             0.35690464057E+00
 69.30             0.36055488356E+03             0.34183888883E+00
 69.40             0.36378878162E+03             0.32052378404E+00
 69.50             0.35987334006E+03             0.29380979887E+00
 69.60             0.34889560226E+03             0.26276282133E+00
 69.70             0.33122829659E+03             0.22862162582E+00
 69.80             0.30752063969E+03             0.19274844604E+00
 69.90             0.27867786769E+03             0.15657462187E+00
 70.00             0.24583008981E+03             0.12154348890E+00
 70.10             0.21029149849E+03             0.89052789316E-01
 70.20             0.17351137801E+03             0.60398902046E-01
 70.30             0.13701871134E+03             0.36725117188E-01
 70.40             0.10236247763E+03             0.18976018758E-01
 70.50             0.71049948009E+02             0.78597957843E-02
 70.60             0.44485413676E+02             0.38199855625E-02
 70.70             0.23911811958E+02             0.70177765209E-02
 70.80             0.10357649478E+02             0.17325576800E-01
 70.90             0.45914572026E+01             0.34332105169E-01
 71.00             0.70857551500E+01             0.57358801146E-01
 71.10             0.17992162907E+02             0.85486899561E-01
 71.20             0.37128878061E+02             0.11759408929E+00
 71.30             0.63981273258E+02             0.15239929346E+00
 71.40             0.97715851619E+02             0.18851378442E+00
 71.50             0.13720726942E+03             0.22449659399E+00
 71.60             0.18107760509E+03             0.25891200806E+00
 71.70             0.22774654593E+03             0.29038685162E+00
 71.80             0.27549069962E+03             0.31766527840E+00
 71.90             0.32250983539E+03             0.33965887917E+00
 72.00             0.36699753807E+03             0.35549010927E+00
 72.10             0.40721353024E+03             0.36452730262E+00
 72.20             0.44155479611E+03             0.36640987519E+00
 72.30             0.46862263087E+03             0.36106271235E+00
 72.40             0.48728284495E+03             0.34869916589E+00
 72.50             0.49671657142E+03             0.32981254131E+00
 72.60             0.49645945029E+03             0.30515641495E+00
 72.70             0.48642738477E+03             0.27571456622E+00
 72.80             0.46692756679E+03             0.24266172491E+00
 72.90             0.43865403351E+03             0.20731669938E+00
 73.00             0.40266762222E+03             0.17108975615E+00
 73.10             0.36036081363E+03             0.13542635025E+00
 73.20             0.31340856978E+03             0.10174945158E+00
 73.30             0.26370685641E+03             0.71402768401E-01
 73.40             0.21330106743E+03             0.45597133362E-01
 73.50             0.16430701880E+03             0.25362191307E-01
 73.60             0.11882753054E+03             0.11505316422E-01
 73.70             0.78867853312E+02             0.45793980163E-02
 73.80             0.46253307708E+02             0.48607802336E-02
 73.90             0.22552483372E+02             0.12338235924E-01
 74.00             0.90091894688E+01             0.26713414604E-01
 74.10             0.64860611622E+01             0.47412746646E-01
 74.20             0.15422317769E+02             0.73610328701E-01
 74.30             0.35807650943E+02             0.10426087724E+00
 74.40             0.67173614192E+02             0.13814143539E+00
 74.50             0.10860321077E+03             0.17390016887E+00
 74.60             0.15875866128E+03             0.21011030421E+00
 74.70             0.21592660290E+03             0.24532705702E+00
 74.80             0.27807925812E+03             0.27814527886E+00
 74.90             0.34294944117E+03             0.30725552268E+00
 75.00             0.40811667239E+03             0.33149628974E+00
 75.10             0.47110117078E+03             0.34990037345E+00
 75.20             0.52946211386E+03             0.36173345086E+00
 75.30             0.58089631050E+03             0.36652338219E+00
 75.40             0.62333333809E+03             0.36407904917E+00
 75.50             0.65502325818E+03             0.35449798069E+00
 75.60             0.67461324388E+03             0.33816246139E+00
 75.70             0.68120982338E+03             0.31572427848E+00
 75.80             0.67442395464E+03             0.28807871547E+00
 75.90             0.65439677853E+03             0.25632883031E+00
 76.00             0.62180462944E+03             0.22174144343E+00
 76.10             0.57784268541E+03             0.18569659155E+00
 76.20             0.52418748426E+03             0.14963246428E+00
 76.30             0.46293938378E+03             0.11498802029E+00
 76.40             0.39654687040E+03             0.83145572893E-01
 76.50             0.32771538666E+03             0.55375635741E-01
 76.60             0.25930402222E+03             0.32786229326E-01
 76.70             0.19421396739E+03             0.16278670966E-01
 76.80             0.13527303639E+03             0.65116122380E-02
 76.90             0.85120812073E+02             0.38747587859E-02
 77.00             0.46099030326E+02             0.84733210621E-02
 77.10             0.20151704960E+02             0.20123816432E-01
 77.20             0.87391939482E+01             0.38361390130E-01
 77.30             0.12769933141E+02             0.62458362967E-01
 77.40             0.32552930058E+02             0.91453265724E-01
 77.50             0.67773340047E+02             0.12418920178E+00
 77.60             0.11749256814E+03             0.15936000730E+00
 77.70             0.18017338553E+03             0.19556236712E+00
 77.80             0.25372955622E+03             0.23135180710E+00
 77.90             0.33559847659E+03             0.26530032858E+00
 78.00             0.42283437747E+03             0.29605338556E+00
 78.10             0.51221876467E+03             0.32238393105E+00
 78.20             0.60038401587E+03             0.34324137631E+00
 78.30             0.68394544198E+03             0.35779350924E+00
 78.40             0.75963668744E+03             0.36545969977E+00
 78.50             0.82444310714E+03             0.36593406688E+00
 78.60             0.87572773079E+03             0.35919768332E+00
 78.70             0.91134461449E+03             0.34551933081E+00
 78.80             0.92973478086E+03             0.32544477559E+00
 78.90             0.93000055023E+03             0.29977499244E+00
 79.00             0.91195484811E+03             0.26953420569E+00
 79.10             0.87614300868E+03             0.23592902274E+00
 79.20             0.82383564704E+03             0.20030029039E+00
 79.30             0.75699230470E+03             0.16406959505E+00
 79.40             0.67819673854E+03             0.12868254147E+00
 79.50             0.59056587826E+03             0.95551073097E-01
 79.60             0.49763557380E+03             0.65997135508E-01
 79.70             0.40322724782E+03             0.41199930817E-01
 79.80             0.31130041661E+03             0.22148867490E-01
 79.90             0.22579670927E+03             0.96040829539E-02
 80.00             0.15048146928E+03             0.40661141123E-02
 80.10             0.88789241334E+02             0.57559259217E-02
 80.20             0.43679417882E+02             0.14606094891E-01
 80.30             0.17508037838E+02             0.30263499278E-01
 80.40             0.11921203211E+02             0.52103408648E-01
 80.50             0.27774822056E+02             0.79254410616E-01
 80.60             0.65084425264E+02             0.11063318021E+00
 80.70             0.12300767400E+03             0.14498770451E+00
 80.80             0.19986091635E+03             0.18094723801E+00
 80.90             0.29316981360E+03             0.21707699531E+00
 81.00             0.39975269091E+03             0.25193539911E+00
 81.10             0.51583392771E+03             0.28413159908E+00
 81.20             0.63718344470E+03             0.31238096686E+00
 81.30             0.75927721855E+03             0.33555635266E+00
 81.40             0.87747281037E+03             0.35273305860E+00
 81.50             0.98719317097E+03             0.36322573410E+00
 81.60             0.10841115187E+04             0.36661572141E+00
 81.70             0.11643298979E+04             0.36276776005E+00
 81.80             0.12245441307E+04             0.35183538366E+00
 81.90             0.12621882739E+04             0.33425479407E+00
 82.00             0.12755523767E+04             0.31072745680E+00
 82.10             0.12638682806E+04             0.28219211261E+00
 82.20             0.12273593772E+04             0.24978732172E+00
 82.30             0.11672516066E+04             0.21480603531E+00
 82.40             0.10857444739E+04             0.17864400669E+00
 82.50             0.98594244385E+03             0.14274410081E+00
 82.60             0.87174866791E+03             0.10853872391E+00
 82.70             0.74772454809E+03             0.77392670527E-01
 82.80             0.61892008240E+03             0.50548668197E-01
 82.90             0.49068120790E+03             0.29077792609E-01
 83.00             0.36844140440E+03             0.13836731701E-01
 83.10             0.25750559923E+03             0.54336038016E-02
 83.20             0.16283488373E+03             0.42036937146E-02
 83.30             0.88840690650E+02             0.10196074852E-01
 83.40             0.39196876044E+02             0.23171651208E-01
 83.50             0.16677601223E+02             0.42612697284E-01
 83.60             0.23028034111E+02             0.67743515342E-01
 83.70             0.58873714641E+02             0.97561385743E-01
 83.80             0.12367299578E+03             0.13087657546E+00
 83.90             0.21571533312E+03             0.16635980841E+00
 84.00             0.33216641313E+03             0.20259530362E+00
 84.10             0.46915925201E+03             0.23813726481E+00
 84.20             0.62192853590E+03             0.27156756774E+00
 84.30             0.78498368484E+03             0.30155234333E+00
 84.40             0.95231447860E+03             0.32689519902E+00
 84.50             0.11176216536E+04             0.34658495487E+00
 84.60             0.12745637259E+04             0.35983598963E+00
 84.70             0.14170104683E+04             0.36611958700E+00
 84.80             0.15392930116E+04             0.36518503146E+00
 84.90             0.16364404730E+04             0.35706961176E+00
 85.00             0.17043933510E+04             0.34209713317E+00
 85.10             0.17401846641E+04             0.32086499756E+00
 85.20             0.17420809208E+04             0.29422036715E+00
 85.30             0.17096764601E+04             0.26322636270E+00
 85.40             0.16439364425E+04             0.22911964498E+00
 85.50             0.15471857360E+04             0.19326107203E+00
 85.60             0.14230430544E+04             0.15708140091E+00
 85.70             0.12763018893E+04             0.12202420050E+00
 85.80             0.11127619399E+04             0.89488253087E-01
 85.90             0.93901680683E+03             0.60771742985E-01
 86.00             0.76220558296E+03             0.37020458941E-01
 86.10             0.58973757754E+03             0.19182077190E-01
 86.20             0.42900067197E+03             0.79683491629E-02
 86.30             0.28706467309E+03             0.38267026083E-02
 86.40             0.17039145915E+03             0.69223892236E-02
 86.50             0.84563677907E+02             0.17131891113E-01
 86.60             0.34043249220E+02             0.34047849151E-01
 86.70             0.21969955005E+02             0.56995316612E-01
 86.80             0.50008999056E+02             0.85058689544E-01
 86.90             0.11825463377E+03             0.11711823937E+00
 87.00             0.22519484534E+03             0.15189479004E+00
 87.10             0.36773974078E+03             0.18800075720E+00
 87.20             0.54131377892E+03             0.22399551275E+00
 87.30             0.74000943013E+03             0.25844286595E+00
 87.40             0.95679733780E+03             0.28996836739E+00
 87.50             0.11837856897E+04             0.31731414959E+00
 87.60             0.14125193877E+04             0.33938911581E+00
 87.70             0.16343078187E+04             0.35531247493E+00
 87.80             0.18405686590E+04             0.36444888489E+00
 87.90             0.20231742464E+04             0.36643380295E+00
 88.00             0.21747866833E+04             0.36118803088E+00
 88.10             0.22891680062E+04             0.34892087498E+00
 88.20             0.23614524831E+04             0.33012179478E+00
 88.30             0.23883693569E+04             0.30554087356E+00
 88.40             0.23684061095E+04             0.27615889010E+00
 88.50             0.23019045013E+04             0.24314818552E+00
 88.60             0.21910841856E+04             0.20782588694E+00
 88.70             0.20399914944E+04             0.17160135408E+00
 88.80             0.18543739458E+04             0.13591994580E+00
 88.90             0.16414840116E+04             0.10220535028E+00
 89.00             0.14098185923E+04             0.71802779894E-01
 89.10             0.11688033552E+04             0.45925297191E-01
 89.20             0.92843348365E+03             0.25605413734E-01
 89.30             0.69888436934E+03             0.11653892873E-01
 89.40             0.49010725267E+03             0.46274002901E-02
 89.50             0.31142572515E+03             0.48062930400E-02
 89.60             0.17114929048E+03             0.12183433302E-01
 89.70             0.76219823694E+02             0.26464473179E-01
 89.80             0.31905766564E+02             0.47079599180E-01
 89.90             0.41557281586E+02             0.73206267778E-01
 90.00             0.10643340807E+03             0.10380202490E+00
 90.10             0.22560959866E+03             0.13764609982E+00
 90.20             0.39597095974E+03             0.17338811397E+00
 90.30             0.61229318939E+03             0.20960196098E+00
 90.40             0.86740973008E+03             0.24484270835E+00
 90.50             0.11524601661E+04             0.27770425025E+00
 90.60             0.14572115380E+04             0.30687541118E+00
 90.70             0.17704411555E+04             0.33119226181E+00
 90.80             0.20803667928E+04             0.34968455979E+00
 90.90             0.23751079698E+04             0.36161446244E+00
 91.00             0.26431604452E+04             0.36650596664E+00
 91.10             0.28738651599E+04             0.36416390138E+00
 91.20             0.30578527163E+04             0.35468171506E+00
 91.30             0.31874450750E+04             0.33843774691E+00
 91.40             0.32569975045E+04             0.31608013126E+00
 91.50             0.32631658679E+04             0.28850093698E+00
 91.60             0.32050870294E+04             0.25680057392E+00
 91.70             0.30844633994E+04             0.22224388656E+00
 91.80             0.29055463008E+04             0.18620968674E+00
 91.90             0.26750167912E+04             0.15013573901E+00
 92.00             0.24017666567E+04             0.11546139391E+00
 92.10             0.20965863550E+04             0.83570157788E-01
 92.20             0.17717705499E+04             0.55734490976E-01
 92.30             0.14406553990E+04             0.33065036579E-01
 92.40             0.11171047773E+04             0.16466305827E-01
 92.50             0.81496501427E+03             0.66005880759E-02
 92.60             0.54750937378E+03             0.38615254646E-02
 92.70             0.32689435021E+03             0.83584065914E-02
 92.80             0.16364981840E+03             0.19911805899E-01
 92.90             0.66224164156E+02             0.38060742756E-01
 93.00             0.40603740141E+02             0.62081074580E-01
 93.10             0.90023401238E+02             0.91014390133E-01
 93.20             0.21478155740E+03             0.12370625012E+00
 93.30             0.41216926131E+03             0.15885224934E+00
 93.40             0.67651846643E+03             0.19505006241E+00
 93.50             0.99936991578E+03             0.23085539659E+00
 93.60             0.13697563335E+04             0.26483961906E+00
 93.70             0.17745918810E+04             0.29564675932E+00
 93.80             0.21991543962E+04             0.32204761250E+00
 93.90             0.26276429434E+04             0.34298878454E+00
 94.00             0.30437898293E+04             0.35763472268E+00
 94.10             0.34315036383E+04             0.36540105399E+00
 94.20             0.37755181254E+04             0.36597790185E+00
 94.30             0.40620210624E+04             0.35934225003E+00
 94.40             0.42792374198E+04             0.34575886104E+00
 94.50             0.44179425789E+04             0.32576971209E+00
 94.60             0.44718835896E+04             0.30017237024E+00
 94.70             0.44380897317E+04             0.26998816942E+00
 94.80             0.43170577025E+04             0.23642145925E+00
 94.90             0.41128014840E+04             0.20081155145E+00
 95.00             0.38327621699E+04             0.16457928135E+00
 95.10             0.34875785547E+04             0.12917031654E+00
 95.20             0.30907248831E+04             0.95997474694E-01
 95.30             0.26580276198E+04             0.66384352215E-01
 95.40             0.22070781811E+04             0.41512512686E-01
 95.50             0.17565630902E+04             0.22374342506E-01
 95.60             0.13255367554E+04             0.97334546630E-02
 95.70             0.93266487962E+03             0.40942205834E-02
 95.80             0.59546825075E+03             0.56816457065E-02
 95.90             0.32959724443E+03             0.14432391770E-01
 96.00             0.14816674855E+03             0.29997304006E-01
 96.10             0.61179393929E+02             0.51755342416E-01
 96.20             0.75061994432E+02             0.78838361268E-01
 96.30             0.19233606082E+03             0.11016574811E+00
 96.40             0.41143829562E+03             0.14448754020E+00
 96.50             0.72670128175E+03             0.18043429805E+00
 96.60             0.11284983593E+04             0.21657174601E+00
 96.70             0.16035501809E+04             0.25145799990E+00
 96.80             0.21353839031E+04             0.28370109821E+00
 96.90             0.27049296669E+04             0.31201454130E+00
 97.00             0.32912332100E+04             0.33526862279E+00
 97.10             0.38722583676E+04             0.35253550484E+00
 97.20             0.44257490890E+04             0.36312623885E+00
 97.30             0.49301175993E+04             0.36661825454E+00
 97.40             0.53653236164E+04             0.36287222047E+00
 97.50             0.57137091871E+04             0.35203760341E+00
 97.60             0.59607547729E+04             0.33454670458E+00
 97.70             0.60957246841E+04             0.31109741084E+00
 97.80             0.61121737561E+04             0.28262534901E+00
 97.90             0.60082921603E+04             0.25026655436E+00
 98.00             0.57870712712E+04             0.21531214279E+00
 98.10             0.54562803390E+04             0.17915679533E+00
 98.20             0.50282511027E+04             0.14324311035E+00
 98.30             0.45194751193E+04             0.10900404386E+00
 98.40             0.39500261910E+04             0.77805734625E-01
 98.50             0.33428275377E+04             0.50892995185E-01
 98.60             0.27227899786E+04             0.29339643840E-01
 98.70             0.21158530894E+04             0.14005659310E-01
 98.80             0.15479658358E+04             0.55028675782E-02
 98.90             0.10440463422E+04             0.41705300336E-02
 99.00             0.62696208946E+03             0.10061806945E-01
 99.10             0.31657184728E+03             0.22941636363E-01
 99.20             0.12886899983E+03             0.42296113094E-01
 99.30             0.75262655612E+02             0.67352993517E-01
 99.40             0.16202813852E+03             0.97112508102E-01
 99.50             0.38995229988E+03             0.13038725222E+00
 99.60             0.75419179048E+03             0.16584956358E+00
 99.70             0.12443542563E+04             0.20208449595E+00
 99.80             0.18448036827E+04             0.23764627554E+00
 99.90             0.25351821486E+04             0.27111598734E+00
100.00             0.32911314177E+04             0.30115818985E+00
